(kicad_pcb (version 20170922) (host pcbnew no-vcs-found-72d4889~60~ubuntu16.04.1)

(general
  (thickness 1.6)
  (drawings 9)
  (tracks 300)
  (zones 0)
  (modules 48)
  (nets 30)
)

(page A4)
(layers
  (0 F.Cu signal)
  (31 B.Cu signal hide)
  (32 B.Adhes user)
  (33 F.Adhes user)
  (34 B.Paste user)
  (35 F.Paste user)
  (36 B.SilkS user)
  (37 F.SilkS user)
  (38 B.Mask user)
  (39 F.Mask user)
  (40 Dwgs.User user)
  (41 Cmts.User user)
  (42 Eco1.User user)
  (43 Eco2.User user)
  (44 Edge.Cuts user)
  (45 Margin user)
  (46 B.CrtYd user)
  (47 F.CrtYd user)
  (48 B.Fab user)
  (49 F.Fab user hide)
)


(setup
  (last_trace_width 0.2)
  (trace_clearance 0.2)
  (zone_clearance 0.25)
  (zone_45_only no)
  (trace_min 0.2)
  (segment_width 0.2)
  (edge_width 0.15)
  (via_size 0.7)
  (via_drill 0.25)
  (via_min_size 0.7)
  (via_min_drill 0.25)
  (uvia_size 0.3)
  (uvia_drill 0.1)
  (uvias_allowed no)
  (uvia_min_size 0.2)
  (uvia_min_drill 0.1)
  (pcb_text_width 0.3)
  (pcb_text_size 1.5 1.5)
  (mod_edge_width 0.15)
  (mod_text_size 0.6 0.6)
  (mod_text_width 0.12)
  (pad_size 1.524 1.524)
  (pad_drill 0.762)
  (pad_to_mask_clearance 0.2)
  (aux_axis_origin 0 0)
  (visible_elements FFFFFF7F)
  (pcbplotparams
    (layerselection 0x010f0_ffffffff)
    (usegerberextensions true)
    (usegerberattributes true)
    (usegerberadvancedattributes true)
    (creategerberjobfile true)
    (excludeedgelayer true)
    (linewidth 0.100000)
    (plotframeref false)
    (viasonmask false)
    (mode 1)
    (useauxorigin false)
    (hpglpennumber 1)
    (hpglpenspeed 20)
    (hpglpendiameter 15)
    (psnegative false)
    (psa4output false)
    (plotreference true)
    (plotvalue true)
    (plotinvisibletext false)
    (padsonsilk false)
    (subtractmaskfromsilk false)
    (outputformat 1)
    (mirror false)
    (drillshape 0)
    (scaleselection 1)
    (outputdirectory output/gerber/))
)

(net 0 "")
(net 1 "Net-(BT1-Pad1)")
(net 2 GND)
(net 3 /RC_OFFSET)
(net 4 "Net-(C2-Pad1)")
(net 5 /PIR_OUT)
(net 6 "Net-(C4-Pad2)")
(net 7 "Net-(C4-Pad1)")
(net 8 /RC_SIGNAL)
(net 9 "Net-(C7-Pad2)")
(net 10 "Net-(C7-Pad1)")
(net 11 /VIN_BATT)
(net 12 "Net-(C9-Pad1)")
(net 13 /AMP_OFFSET)
(net 14 /AMP_SIGNAL)
(net 15 VDD)
(net 16 VDDA)
(net 17 "Net-(JP1-Pad1)")
(net 18 /AMP_REF)
(net 19 "Net-(L1-Pad2)")
(net 20 /REG_MODE)
(net 21 "Net-(C6-Pad1)")
(net 22 "Net-(C13-Pad1)")
(net 23 "Net-(R2-Pad1)")
(net 24 "Net-(P1-Pad1)")
(net 25 "Net-(P2-Pad1)")
(net 26 "Net-(P3-Pad1)")
(net 27 "Net-(P4-Pad1)")
(net 28 "Net-(U5-Pad21)")
(net 29 "Net-(U5-Pad22)")

(net_class Default "This is the default net class."
  (clearance 0.2)
  (trace_width 0.2)
  (via_dia 0.7)
  (via_drill 0.25)
  (uvia_dia 0.3)
  (uvia_drill 0.1)
  (add_net /AMP_OFFSET)
  (add_net /AMP_REF)
  (add_net /AMP_SIGNAL)
  (add_net /PIR_OUT)
  (add_net /RC_OFFSET)
  (add_net /RC_SIGNAL)
  (add_net /REG_MODE)
  (add_net /VIN_BATT)
  (add_net GND)
  (add_net "Net-(BT1-Pad1)")
  (add_net "Net-(C13-Pad1)")
  (add_net "Net-(C2-Pad1)")
  (add_net "Net-(C4-Pad1)")
  (add_net "Net-(C4-Pad2)")
  (add_net "Net-(C6-Pad1)")
  (add_net "Net-(C7-Pad1)")
  (add_net "Net-(C7-Pad2)")
  (add_net "Net-(C9-Pad1)")
  (add_net "Net-(JP1-Pad1)")
  (add_net "Net-(L1-Pad2)")
  (add_net "Net-(P1-Pad1)")
  (add_net "Net-(P2-Pad1)")
  (add_net "Net-(P3-Pad1)")
  (add_net "Net-(P4-Pad1)")
  (add_net "Net-(R2-Pad1)")
  (add_net "Net-(U5-Pad21)")
  (add_net "Net-(U5-Pad22)")
  (add_net VDD)
  (add_net VDDA)
)

  (module detect_trigger:hackable_footprint_half (layer F.Cu) (tedit 59E8B269) (tstamp 59FB2750)
    (at 112 135.054 90)
    (path /59E8C9C5)
    (fp_text reference U5 (at 17.854 0.241 180) (layer F.SilkS)
      (effects (font (size 0.6 0.6) (thickness 0.12)))
    )
    (fp_text value hackaBLE_half (at 8.89 -29.083 90) (layer F.Fab)
      (effects (font (size 1 1) (thickness 0.15)))
    )
    (fp_text user "NO GROUND PLANE" (at 9.144 -26.0985 90) (layer F.Fab)
      (effects (font (size 1 1) (thickness 0.15)))
    )
    (fp_arc (start 16.51 -26.7335) (end 16.51 -28.0035) (angle 90) (layer F.SilkS) (width 0.15))
    (fp_arc (start 16.51 -1.27) (end 17.78 -1.27) (angle 90) (layer F.SilkS) (width 0.15))
    (fp_line (start 17.78 -26.6954) (end 17.78 -24.2062) (layer F.SilkS) (width 0.15))
    (fp_line (start 16.4846 0) (end 13.7414 0) (layer F.SilkS) (width 0.15))
    (pad 13 thru_hole circle (at 12.7 0 90) (size 1.6 1.6) (drill 1) (layers *.Cu *.Mask)
      (net 15 VDD))
    (pad 12 thru_hole circle (at 10.16 0 90) (size 1.6 1.6) (drill 1) (layers *.Cu *.Mask)
      (net 2 GND))
    (pad 14 thru_hole circle (at 17.78 -2.54 90) (size 1.6 1.6) (drill 1) (layers *.Cu *.Mask)
      (net 2 GND))
    (pad 15 thru_hole circle (at 17.78 -5.08 90) (size 1.6 1.6) (drill 1) (layers *.Cu *.Mask)
      (net 11 /VIN_BATT))
    (pad 17 thru_hole circle (at 17.78 -10.16 90) (size 1.65 1.65) (drill 1) (layers *.Cu *.Mask)
      (net 14 /AMP_SIGNAL))
    (pad 16 thru_hole circle (at 17.78 -7.62 90) (size 1.6 1.6) (drill 1) (layers *.Cu *.Mask)
      (net 13 /AMP_OFFSET))
    (pad 18 thru_hole circle (at 17.78 -12.7 90) (size 1.61 1.61) (drill 1) (layers *.Cu *.Mask)
      (net 8 /RC_SIGNAL))
    (pad 19 thru_hole circle (at 17.78 -15.24 90) (size 1.61 1.61) (drill 1) (layers *.Cu *.Mask)
      (net 3 /RC_OFFSET))
    (pad 20 thru_hole circle (at 17.78 -17.78 90) (size 1.61 1.61) (drill 1) (layers *.Cu *.Mask)
      (net 20 /REG_MODE))
    (pad 21 thru_hole circle (at 17.78 -20.32 90) (size 1.61 1.61) (drill 1) (layers *.Cu *.Mask)
      (net 28 "Net-(U5-Pad21)"))
    (pad 22 thru_hole circle (at 17.78 -22.86 90) (size 1.61 1.61) (drill 1) (layers *.Cu *.Mask)
      (net 29 "Net-(U5-Pad22)"))
  )

  (module Pin_Headers:Pin_Header_Straight_1x02_Pitch2.54mm (layer F.Cu) (tedit 59E62FC9) (tstamp 59E5EA26)
    (at 108.1 89.6)
    (descr "Through hole straight pin header, 1x02, 2.54mm pitch, single row")
    (tags "Through hole pin header THT 1x02 2.54mm single row")
    (path /59DE4C53)
    (fp_text reference BT1 (at -2.4 3.2) (layer F.SilkS)
      (effects (font (size 0.6 0.6) (thickness 0.12)))
    )
    (fp_text value Batt (at 0 4.87) (layer F.Fab)
      (effects (font (size 1 1) (thickness 0.15)))
    )
    (fp_line (start -0.635 -1.27) (end 1.27 -1.27) (layer F.Fab) (width 0.1))
    (fp_line (start 1.27 -1.27) (end 1.27 3.81) (layer F.Fab) (width 0.1))
    (fp_line (start 1.27 3.81) (end -1.27 3.81) (layer F.Fab) (width 0.1))
    (fp_line (start -1.27 3.81) (end -1.27 -0.635) (layer F.Fab) (width 0.1))
    (fp_line (start -1.27 -0.635) (end -0.635 -1.27) (layer F.Fab) (width 0.1))
    (fp_line (start -1.33 3.87) (end 1.33 3.87) (layer F.SilkS) (width 0.12))
    (fp_line (start -1.33 1.27) (end -1.33 3.87) (layer F.SilkS) (width 0.12))
    (fp_line (start 1.33 1.27) (end 1.33 3.87) (layer F.SilkS) (width 0.12))
    (fp_line (start -1.33 1.27) (end 1.33 1.27) (layer F.SilkS) (width 0.12))
    (fp_line (start -1.33 0) (end -1.33 -1.33) (layer F.SilkS) (width 0.12))
    (fp_line (start -1.33 -1.33) (end 0 -1.33) (layer F.SilkS) (width 0.12))
    (fp_line (start -1.8 -1.8) (end -1.8 4.35) (layer F.CrtYd) (width 0.05))
    (fp_line (start -1.8 4.35) (end 1.8 4.35) (layer F.CrtYd) (width 0.05))
    (fp_line (start 1.8 4.35) (end 1.8 -1.8) (layer F.CrtYd) (width 0.05))
    (fp_line (start 1.8 -1.8) (end -1.8 -1.8) (layer F.CrtYd) (width 0.05))
    (fp_text user %R (at 0 1.27 90) (layer F.Fab)
      (effects (font (size 1 1) (thickness 0.15)))
    )
    (pad 1 thru_hole rect (at 0 0) (size 1.7 1.7) (drill 1) (layers *.Cu *.Mask)
      (net 1 "Net-(BT1-Pad1)"))
    (pad 2 thru_hole oval (at 0 2.54) (size 1.7 1.7) (drill 1) (layers *.Cu *.Mask)
      (net 2 GND))
    (model ${KISYS3DMOD}/Pin_Headers.3dshapes/Pin_Header_Straight_1x02_Pitch2.54mm.wrl
      (at (xyz 0 0 0))
      (scale (xyz 1 1 1))
      (rotate (xyz 0 0 0))
    )
  )

  (module Capacitors_SMD:C_0805 (layer F.Cu) (tedit 59E62033) (tstamp 59E5EA37)
    (at 94.1 114 90)
    (descr "Capacitor SMD 0805, reflow soldering, AVX (see smccp.pdf)")
    (tags "capacitor 0805")
    (path /59DE42FB)
    (attr smd)
    (fp_text reference C1 (at 2.2 -1.7 180) (layer F.SilkS)
      (effects (font (size 0.6 0.6) (thickness 0.12)))
    )
    (fp_text value 10u (at 0 1.75 90) (layer F.Fab)
      (effects (font (size 1 1) (thickness 0.15)))
    )
    (fp_text user %R (at 0 -1.5 90) (layer F.Fab)
      (effects (font (size 1 1) (thickness 0.15)))
    )
    (fp_line (start -1 0.62) (end -1 -0.62) (layer F.Fab) (width 0.1))
    (fp_line (start 1 0.62) (end -1 0.62) (layer F.Fab) (width 0.1))
    (fp_line (start 1 -0.62) (end 1 0.62) (layer F.Fab) (width 0.1))
    (fp_line (start -1 -0.62) (end 1 -0.62) (layer F.Fab) (width 0.1))
    (fp_line (start 0.5 -0.85) (end -0.5 -0.85) (layer F.SilkS) (width 0.12))
    (fp_line (start -0.5 0.85) (end 0.5 0.85) (layer F.SilkS) (width 0.12))
    (fp_line (start -1.75 -0.88) (end 1.75 -0.88) (layer F.CrtYd) (width 0.05))
    (fp_line (start -1.75 -0.88) (end -1.75 0.87) (layer F.CrtYd) (width 0.05))
    (fp_line (start 1.75 0.87) (end 1.75 -0.88) (layer F.CrtYd) (width 0.05))
    (fp_line (start 1.75 0.87) (end -1.75 0.87) (layer F.CrtYd) (width 0.05))
    (pad 1 smd rect (at -1 0 90) (size 1 1.25) (layers F.Cu F.Paste F.Mask)
      (net 3 /RC_OFFSET))
    (pad 2 smd rect (at 1 0 90) (size 1 1.25) (layers F.Cu F.Paste F.Mask)
      (net 2 GND))
    (model Capacitors_SMD.3dshapes/C_0805.wrl
      (at (xyz 0 0 0))
      (scale (xyz 1 1 1))
      (rotate (xyz 0 0 0))
    )
  )

  (module Capacitors_SMD:C_0805 (layer F.Cu) (tedit 59E8AE95) (tstamp 59E5EA48)
    (at 97 109.5)
    (descr "Capacitor SMD 0805, reflow soldering, AVX (see smccp.pdf)")
    (tags "capacitor 0805")
    (path /59DE8B6F)
    (attr smd)
    (fp_text reference C2 (at 2.3 0.5) (layer F.SilkS)
      (effects (font (size 0.6 0.6) (thickness 0.12)))
    )
    (fp_text value 10u (at 0 1.75) (layer F.Fab)
      (effects (font (size 1 1) (thickness 0.15)))
    )
    (fp_text user %R (at 0 -1.5) (layer F.Fab)
      (effects (font (size 1 1) (thickness 0.15)))
    )
    (fp_line (start -1 0.62) (end -1 -0.62) (layer F.Fab) (width 0.1))
    (fp_line (start 1 0.62) (end -1 0.62) (layer F.Fab) (width 0.1))
    (fp_line (start 1 -0.62) (end 1 0.62) (layer F.Fab) (width 0.1))
    (fp_line (start -1 -0.62) (end 1 -0.62) (layer F.Fab) (width 0.1))
    (fp_line (start 0.5 -0.85) (end -0.5 -0.85) (layer F.SilkS) (width 0.12))
    (fp_line (start -0.5 0.85) (end 0.5 0.85) (layer F.SilkS) (width 0.12))
    (fp_line (start -1.75 -0.88) (end 1.75 -0.88) (layer F.CrtYd) (width 0.05))
    (fp_line (start -1.75 -0.88) (end -1.75 0.87) (layer F.CrtYd) (width 0.05))
    (fp_line (start 1.75 0.87) (end 1.75 -0.88) (layer F.CrtYd) (width 0.05))
    (fp_line (start 1.75 0.87) (end -1.75 0.87) (layer F.CrtYd) (width 0.05))
    (pad 1 smd rect (at -1 0) (size 1 1.25) (layers F.Cu F.Paste F.Mask)
      (net 4 "Net-(C2-Pad1)"))
    (pad 2 smd rect (at 1 0) (size 1 1.25) (layers F.Cu F.Paste F.Mask)
      (net 2 GND))
    (model Capacitors_SMD.3dshapes/C_0805.wrl
      (at (xyz 0 0 0))
      (scale (xyz 1 1 1))
      (rotate (xyz 0 0 0))
    )
  )

  (module Capacitors_SMD:C_0805 (layer F.Cu) (tedit 59E62060) (tstamp 59E5EA59)
    (at 106.3 98 90)
    (descr "Capacitor SMD 0805, reflow soldering, AVX (see smccp.pdf)")
    (tags "capacitor 0805")
    (path /59DE948B)
    (attr smd)
    (fp_text reference C3 (at 2.2 0 180) (layer F.SilkS)
      (effects (font (size 0.6 0.6) (thickness 0.12)))
    )
    (fp_text value 100n (at 0 1.75 90) (layer F.Fab)
      (effects (font (size 1 1) (thickness 0.15)))
    )
    (fp_text user %R (at 0 -1.5 90) (layer F.Fab)
      (effects (font (size 1 1) (thickness 0.15)))
    )
    (fp_line (start -1 0.62) (end -1 -0.62) (layer F.Fab) (width 0.1))
    (fp_line (start 1 0.62) (end -1 0.62) (layer F.Fab) (width 0.1))
    (fp_line (start 1 -0.62) (end 1 0.62) (layer F.Fab) (width 0.1))
    (fp_line (start -1 -0.62) (end 1 -0.62) (layer F.Fab) (width 0.1))
    (fp_line (start 0.5 -0.85) (end -0.5 -0.85) (layer F.SilkS) (width 0.12))
    (fp_line (start -0.5 0.85) (end 0.5 0.85) (layer F.SilkS) (width 0.12))
    (fp_line (start -1.75 -0.88) (end 1.75 -0.88) (layer F.CrtYd) (width 0.05))
    (fp_line (start -1.75 -0.88) (end -1.75 0.87) (layer F.CrtYd) (width 0.05))
    (fp_line (start 1.75 0.87) (end 1.75 -0.88) (layer F.CrtYd) (width 0.05))
    (fp_line (start 1.75 0.87) (end -1.75 0.87) (layer F.CrtYd) (width 0.05))
    (pad 1 smd rect (at -1 0 90) (size 1 1.25) (layers F.Cu F.Paste F.Mask)
      (net 5 /PIR_OUT))
    (pad 2 smd rect (at 1 0 90) (size 1 1.25) (layers F.Cu F.Paste F.Mask)
      (net 2 GND))
    (model Capacitors_SMD.3dshapes/C_0805.wrl
      (at (xyz 0 0 0))
      (scale (xyz 1 1 1))
      (rotate (xyz 0 0 0))
    )
  )

  (module Capacitors_SMD:C_0805 (layer F.Cu) (tedit 59E62ED1) (tstamp 59E5EA6A)
    (at 93.925 106.725 270)
    (descr "Capacitor SMD 0805, reflow soldering, AVX (see smccp.pdf)")
    (tags "capacitor 0805")
    (path /59DEA3E5)
    (attr smd)
    (fp_text reference C4 (at -1.325 -1.475) (layer F.SilkS)
      (effects (font (size 0.6 0.6) (thickness 0.12)))
    )
    (fp_text value 10n (at 0 1.75 270) (layer F.Fab)
      (effects (font (size 1 1) (thickness 0.15)))
    )
    (fp_line (start 1.75 0.87) (end -1.75 0.87) (layer F.CrtYd) (width 0.05))
    (fp_line (start 1.75 0.87) (end 1.75 -0.88) (layer F.CrtYd) (width 0.05))
    (fp_line (start -1.75 -0.88) (end -1.75 0.87) (layer F.CrtYd) (width 0.05))
    (fp_line (start -1.75 -0.88) (end 1.75 -0.88) (layer F.CrtYd) (width 0.05))
    (fp_line (start -0.5 0.85) (end 0.5 0.85) (layer F.SilkS) (width 0.12))
    (fp_line (start 0.5 -0.85) (end -0.5 -0.85) (layer F.SilkS) (width 0.12))
    (fp_line (start -1 -0.62) (end 1 -0.62) (layer F.Fab) (width 0.1))
    (fp_line (start 1 -0.62) (end 1 0.62) (layer F.Fab) (width 0.1))
    (fp_line (start 1 0.62) (end -1 0.62) (layer F.Fab) (width 0.1))
    (fp_line (start -1 0.62) (end -1 -0.62) (layer F.Fab) (width 0.1))
    (fp_text user %R (at 0 -1.5 270) (layer F.Fab)
      (effects (font (size 1 1) (thickness 0.15)))
    )
    (pad 2 smd rect (at 1 0 270) (size 1 1.25) (layers F.Cu F.Paste F.Mask)
      (net 6 "Net-(C4-Pad2)"))
    (pad 1 smd rect (at -1 0 270) (size 1 1.25) (layers F.Cu F.Paste F.Mask)
      (net 7 "Net-(C4-Pad1)"))
    (model Capacitors_SMD.3dshapes/C_0805.wrl
      (at (xyz 0 0 0))
      (scale (xyz 1 1 1))
      (rotate (xyz 0 0 0))
    )
  )

  (module Capacitors_SMD:C_0805 (layer F.Cu) (tedit 59E62018) (tstamp 59E5EA7B)
    (at 99.5 114 90)
    (descr "Capacitor SMD 0805, reflow soldering, AVX (see smccp.pdf)")
    (tags "capacitor 0805")
    (path /59DE42F8)
    (attr smd)
    (fp_text reference C5 (at 2.2 0 180) (layer F.SilkS)
      (effects (font (size 0.6 0.6) (thickness 0.12)))
    )
    (fp_text value 100n (at 0 1.75 90) (layer F.Fab)
      (effects (font (size 1 1) (thickness 0.15)))
    )
    (fp_text user %R (at 0 -1.5 90) (layer F.Fab)
      (effects (font (size 1 1) (thickness 0.15)))
    )
    (fp_line (start -1 0.62) (end -1 -0.62) (layer F.Fab) (width 0.1))
    (fp_line (start 1 0.62) (end -1 0.62) (layer F.Fab) (width 0.1))
    (fp_line (start 1 -0.62) (end 1 0.62) (layer F.Fab) (width 0.1))
    (fp_line (start -1 -0.62) (end 1 -0.62) (layer F.Fab) (width 0.1))
    (fp_line (start 0.5 -0.85) (end -0.5 -0.85) (layer F.SilkS) (width 0.12))
    (fp_line (start -0.5 0.85) (end 0.5 0.85) (layer F.SilkS) (width 0.12))
    (fp_line (start -1.75 -0.88) (end 1.75 -0.88) (layer F.CrtYd) (width 0.05))
    (fp_line (start -1.75 -0.88) (end -1.75 0.87) (layer F.CrtYd) (width 0.05))
    (fp_line (start 1.75 0.87) (end 1.75 -0.88) (layer F.CrtYd) (width 0.05))
    (fp_line (start 1.75 0.87) (end -1.75 0.87) (layer F.CrtYd) (width 0.05))
    (pad 1 smd rect (at -1 0 90) (size 1 1.25) (layers F.Cu F.Paste F.Mask)
      (net 8 /RC_SIGNAL))
    (pad 2 smd rect (at 1 0 90) (size 1 1.25) (layers F.Cu F.Paste F.Mask)
      (net 2 GND))
    (model Capacitors_SMD.3dshapes/C_0805.wrl
      (at (xyz 0 0 0))
      (scale (xyz 1 1 1))
      (rotate (xyz 0 0 0))
    )
  )

  (module Capacitors_SMD:C_0805 (layer F.Cu) (tedit 59E62F84) (tstamp 59E5EA8C)
    (at 108.05 108.65 90)
    (descr "Capacitor SMD 0805, reflow soldering, AVX (see smccp.pdf)")
    (tags "capacitor 0805")
    (path /59E497E1)
    (attr smd)
    (fp_text reference C6 (at -1.35 1.45 180) (layer F.SilkS)
      (effects (font (size 0.6 0.6) (thickness 0.12)))
    )
    (fp_text value 10u (at 0 1.75 90) (layer F.Fab)
      (effects (font (size 1 1) (thickness 0.15)))
    )
    (fp_line (start 1.75 0.87) (end -1.75 0.87) (layer F.CrtYd) (width 0.05))
    (fp_line (start 1.75 0.87) (end 1.75 -0.88) (layer F.CrtYd) (width 0.05))
    (fp_line (start -1.75 -0.88) (end -1.75 0.87) (layer F.CrtYd) (width 0.05))
    (fp_line (start -1.75 -0.88) (end 1.75 -0.88) (layer F.CrtYd) (width 0.05))
    (fp_line (start -0.5 0.85) (end 0.5 0.85) (layer F.SilkS) (width 0.12))
    (fp_line (start 0.5 -0.85) (end -0.5 -0.85) (layer F.SilkS) (width 0.12))
    (fp_line (start -1 -0.62) (end 1 -0.62) (layer F.Fab) (width 0.1))
    (fp_line (start 1 -0.62) (end 1 0.62) (layer F.Fab) (width 0.1))
    (fp_line (start 1 0.62) (end -1 0.62) (layer F.Fab) (width 0.1))
    (fp_line (start -1 0.62) (end -1 -0.62) (layer F.Fab) (width 0.1))
    (fp_text user %R (at 0 -1.5 90) (layer F.Fab)
      (effects (font (size 1 1) (thickness 0.15)))
    )
    (pad 2 smd rect (at 1 0 90) (size 1 1.25) (layers F.Cu F.Paste F.Mask)
      (net 7 "Net-(C4-Pad1)"))
    (pad 1 smd rect (at -1 0 90) (size 1 1.25) (layers F.Cu F.Paste F.Mask)
      (net 21 "Net-(C6-Pad1)"))
    (model Capacitors_SMD.3dshapes/C_0805.wrl
      (at (xyz 0 0 0))
      (scale (xyz 1 1 1))
      (rotate (xyz 0 0 0))
    )
  )

  (module Capacitors_SMD:C_0805 (layer F.Cu) (tedit 59E62F96) (tstamp 59E5EA9D)
    (at 106.15 105.05 270)
    (descr "Capacitor SMD 0805, reflow soldering, AVX (see smccp.pdf)")
    (tags "capacitor 0805")
    (path /59E4980D)
    (attr smd)
    (fp_text reference C7 (at -0.95 1.45) (layer F.SilkS)
      (effects (font (size 0.6 0.6) (thickness 0.12)))
    )
    (fp_text value 10n (at 0 1.75 270) (layer F.Fab)
      (effects (font (size 1 1) (thickness 0.15)))
    )
    (fp_line (start 1.75 0.87) (end -1.75 0.87) (layer F.CrtYd) (width 0.05))
    (fp_line (start 1.75 0.87) (end 1.75 -0.88) (layer F.CrtYd) (width 0.05))
    (fp_line (start -1.75 -0.88) (end -1.75 0.87) (layer F.CrtYd) (width 0.05))
    (fp_line (start -1.75 -0.88) (end 1.75 -0.88) (layer F.CrtYd) (width 0.05))
    (fp_line (start -0.5 0.85) (end 0.5 0.85) (layer F.SilkS) (width 0.12))
    (fp_line (start 0.5 -0.85) (end -0.5 -0.85) (layer F.SilkS) (width 0.12))
    (fp_line (start -1 -0.62) (end 1 -0.62) (layer F.Fab) (width 0.1))
    (fp_line (start 1 -0.62) (end 1 0.62) (layer F.Fab) (width 0.1))
    (fp_line (start 1 0.62) (end -1 0.62) (layer F.Fab) (width 0.1))
    (fp_line (start -1 0.62) (end -1 -0.62) (layer F.Fab) (width 0.1))
    (fp_text user %R (at 0 -1.5 270) (layer F.Fab)
      (effects (font (size 1 1) (thickness 0.15)))
    )
    (pad 2 smd rect (at 1 0 270) (size 1 1.25) (layers F.Cu F.Paste F.Mask)
      (net 9 "Net-(C7-Pad2)"))
    (pad 1 smd rect (at -1 0 270) (size 1 1.25) (layers F.Cu F.Paste F.Mask)
      (net 10 "Net-(C7-Pad1)"))
    (model Capacitors_SMD.3dshapes/C_0805.wrl
      (at (xyz 0 0 0))
      (scale (xyz 1 1 1))
      (rotate (xyz 0 0 0))
    )
  )

  (module Capacitors_SMD:C_0805 (layer F.Cu) (tedit 59E62CEB) (tstamp 59E5EAAE)
    (at 100.3 90.3 90)
    (descr "Capacitor SMD 0805, reflow soldering, AVX (see smccp.pdf)")
    (tags "capacitor 0805")
    (path /59DE42FD)
    (attr smd)
    (fp_text reference C8 (at 2.1 -0.1 180) (layer F.SilkS)
      (effects (font (size 0.6 0.6) (thickness 0.12)))
    )
    (fp_text value 10u (at 0 1.75 90) (layer F.Fab)
      (effects (font (size 1 1) (thickness 0.15)))
    )
    (fp_text user %R (at 0 -1.5 90) (layer F.Fab)
      (effects (font (size 1 1) (thickness 0.15)))
    )
    (fp_line (start -1 0.62) (end -1 -0.62) (layer F.Fab) (width 0.1))
    (fp_line (start 1 0.62) (end -1 0.62) (layer F.Fab) (width 0.1))
    (fp_line (start 1 -0.62) (end 1 0.62) (layer F.Fab) (width 0.1))
    (fp_line (start -1 -0.62) (end 1 -0.62) (layer F.Fab) (width 0.1))
    (fp_line (start 0.5 -0.85) (end -0.5 -0.85) (layer F.SilkS) (width 0.12))
    (fp_line (start -0.5 0.85) (end 0.5 0.85) (layer F.SilkS) (width 0.12))
    (fp_line (start -1.75 -0.88) (end 1.75 -0.88) (layer F.CrtYd) (width 0.05))
    (fp_line (start -1.75 -0.88) (end -1.75 0.87) (layer F.CrtYd) (width 0.05))
    (fp_line (start 1.75 0.87) (end 1.75 -0.88) (layer F.CrtYd) (width 0.05))
    (fp_line (start 1.75 0.87) (end -1.75 0.87) (layer F.CrtYd) (width 0.05))
    (pad 1 smd rect (at -1 0 90) (size 1 1.25) (layers F.Cu F.Paste F.Mask)
      (net 11 /VIN_BATT))
    (pad 2 smd rect (at 1 0 90) (size 1 1.25) (layers F.Cu F.Paste F.Mask)
      (net 2 GND))
    (model Capacitors_SMD.3dshapes/C_0805.wrl
      (at (xyz 0 0 0))
      (scale (xyz 1 1 1))
      (rotate (xyz 0 0 0))
    )
  )

  (module Capacitors_SMD:C_0805 (layer F.Cu) (tedit 59E62C69) (tstamp 59E5EABF)
    (at 96.4 89.1)
    (descr "Capacitor SMD 0805, reflow soldering, AVX (see smccp.pdf)")
    (tags "capacitor 0805")
    (path /59E565C0)
    (attr smd)
    (fp_text reference C9 (at 0 -1.3 180) (layer F.SilkS)
      (effects (font (size 0.6 0.6) (thickness 0.12)))
    )
    (fp_text value 100n (at 0 1.75) (layer F.Fab)
      (effects (font (size 1 1) (thickness 0.15)))
    )
    (fp_line (start 1.75 0.87) (end -1.75 0.87) (layer F.CrtYd) (width 0.05))
    (fp_line (start 1.75 0.87) (end 1.75 -0.88) (layer F.CrtYd) (width 0.05))
    (fp_line (start -1.75 -0.88) (end -1.75 0.87) (layer F.CrtYd) (width 0.05))
    (fp_line (start -1.75 -0.88) (end 1.75 -0.88) (layer F.CrtYd) (width 0.05))
    (fp_line (start -0.5 0.85) (end 0.5 0.85) (layer F.SilkS) (width 0.12))
    (fp_line (start 0.5 -0.85) (end -0.5 -0.85) (layer F.SilkS) (width 0.12))
    (fp_line (start -1 -0.62) (end 1 -0.62) (layer F.Fab) (width 0.1))
    (fp_line (start 1 -0.62) (end 1 0.62) (layer F.Fab) (width 0.1))
    (fp_line (start 1 0.62) (end -1 0.62) (layer F.Fab) (width 0.1))
    (fp_line (start -1 0.62) (end -1 -0.62) (layer F.Fab) (width 0.1))
    (fp_text user %R (at 0 -1.5) (layer F.Fab)
      (effects (font (size 1 1) (thickness 0.15)))
    )
    (pad 2 smd rect (at 1 0) (size 1 1.25) (layers F.Cu F.Paste F.Mask)
      (net 2 GND))
    (pad 1 smd rect (at -1 0) (size 1 1.25) (layers F.Cu F.Paste F.Mask)
      (net 12 "Net-(C9-Pad1)"))
    (model Capacitors_SMD.3dshapes/C_0805.wrl
      (at (xyz 0 0 0))
      (scale (xyz 1 1 1))
      (rotate (xyz 0 0 0))
    )
  )

  (module Capacitors_SMD:C_0805 (layer F.Cu) (tedit 59E61F82) (tstamp 59E5EAD0)
    (at 106.7 114 90)
    (descr "Capacitor SMD 0805, reflow soldering, AVX (see smccp.pdf)")
    (tags "capacitor 0805")
    (path /59E4A996)
    (attr smd)
    (fp_text reference C10 (at 2.2 0 180) (layer F.SilkS)
      (effects (font (size 0.6 0.6) (thickness 0.12)))
    )
    (fp_text value 10u (at 0 1.75 90) (layer F.Fab)
      (effects (font (size 1 1) (thickness 0.15)))
    )
    (fp_text user %R (at 0 -1.5 90) (layer F.Fab)
      (effects (font (size 1 1) (thickness 0.15)))
    )
    (fp_line (start -1 0.62) (end -1 -0.62) (layer F.Fab) (width 0.1))
    (fp_line (start 1 0.62) (end -1 0.62) (layer F.Fab) (width 0.1))
    (fp_line (start 1 -0.62) (end 1 0.62) (layer F.Fab) (width 0.1))
    (fp_line (start -1 -0.62) (end 1 -0.62) (layer F.Fab) (width 0.1))
    (fp_line (start 0.5 -0.85) (end -0.5 -0.85) (layer F.SilkS) (width 0.12))
    (fp_line (start -0.5 0.85) (end 0.5 0.85) (layer F.SilkS) (width 0.12))
    (fp_line (start -1.75 -0.88) (end 1.75 -0.88) (layer F.CrtYd) (width 0.05))
    (fp_line (start -1.75 -0.88) (end -1.75 0.87) (layer F.CrtYd) (width 0.05))
    (fp_line (start 1.75 0.87) (end 1.75 -0.88) (layer F.CrtYd) (width 0.05))
    (fp_line (start 1.75 0.87) (end -1.75 0.87) (layer F.CrtYd) (width 0.05))
    (pad 1 smd rect (at -1 0 90) (size 1 1.25) (layers F.Cu F.Paste F.Mask)
      (net 13 /AMP_OFFSET))
    (pad 2 smd rect (at 1 0 90) (size 1 1.25) (layers F.Cu F.Paste F.Mask)
      (net 2 GND))
    (model Capacitors_SMD.3dshapes/C_0805.wrl
      (at (xyz 0 0 0))
      (scale (xyz 1 1 1))
      (rotate (xyz 0 0 0))
    )
  )

  (module Capacitors_SMD:C_0805 (layer F.Cu) (tedit 59E6200F) (tstamp 59E5EAE1)
    (at 101.3 114 90)
    (descr "Capacitor SMD 0805, reflow soldering, AVX (see smccp.pdf)")
    (tags "capacitor 0805")
    (path /59E4AB45)
    (attr smd)
    (fp_text reference C11 (at 2.2 0 180) (layer F.SilkS)
      (effects (font (size 0.6 0.6) (thickness 0.12)))
    )
    (fp_text value 100p (at 0 1.75 90) (layer F.Fab)
      (effects (font (size 1 1) (thickness 0.15)))
    )
    (fp_text user %R (at 0 -1.5 90) (layer F.Fab)
      (effects (font (size 1 1) (thickness 0.15)))
    )
    (fp_line (start -1 0.62) (end -1 -0.62) (layer F.Fab) (width 0.1))
    (fp_line (start 1 0.62) (end -1 0.62) (layer F.Fab) (width 0.1))
    (fp_line (start 1 -0.62) (end 1 0.62) (layer F.Fab) (width 0.1))
    (fp_line (start -1 -0.62) (end 1 -0.62) (layer F.Fab) (width 0.1))
    (fp_line (start 0.5 -0.85) (end -0.5 -0.85) (layer F.SilkS) (width 0.12))
    (fp_line (start -0.5 0.85) (end 0.5 0.85) (layer F.SilkS) (width 0.12))
    (fp_line (start -1.75 -0.88) (end 1.75 -0.88) (layer F.CrtYd) (width 0.05))
    (fp_line (start -1.75 -0.88) (end -1.75 0.87) (layer F.CrtYd) (width 0.05))
    (fp_line (start 1.75 0.87) (end 1.75 -0.88) (layer F.CrtYd) (width 0.05))
    (fp_line (start 1.75 0.87) (end -1.75 0.87) (layer F.CrtYd) (width 0.05))
    (pad 1 smd rect (at -1 0 90) (size 1 1.25) (layers F.Cu F.Paste F.Mask)
      (net 14 /AMP_SIGNAL))
    (pad 2 smd rect (at 1 0 90) (size 1 1.25) (layers F.Cu F.Paste F.Mask)
      (net 2 GND))
    (model Capacitors_SMD.3dshapes/C_0805.wrl
      (at (xyz 0 0 0))
      (scale (xyz 1 1 1))
      (rotate (xyz 0 0 0))
    )
  )

  (module Capacitors_SMD:C_0805 (layer F.Cu) (tedit 59E62D3F) (tstamp 59E5EAF2)
    (at 92.8 96.4 90)
    (descr "Capacitor SMD 0805, reflow soldering, AVX (see smccp.pdf)")
    (tags "capacitor 0805")
    (path /59E5ABAB)
    (attr smd)
    (fp_text reference C12 (at 2.2 0 180) (layer F.SilkS)
      (effects (font (size 0.6 0.6) (thickness 0.12)))
    )
    (fp_text value 10u (at 0 1.75 90) (layer F.Fab)
      (effects (font (size 1 1) (thickness 0.15)))
    )
    (fp_line (start 1.75 0.87) (end -1.75 0.87) (layer F.CrtYd) (width 0.05))
    (fp_line (start 1.75 0.87) (end 1.75 -0.88) (layer F.CrtYd) (width 0.05))
    (fp_line (start -1.75 -0.88) (end -1.75 0.87) (layer F.CrtYd) (width 0.05))
    (fp_line (start -1.75 -0.88) (end 1.75 -0.88) (layer F.CrtYd) (width 0.05))
    (fp_line (start -0.5 0.85) (end 0.5 0.85) (layer F.SilkS) (width 0.12))
    (fp_line (start 0.5 -0.85) (end -0.5 -0.85) (layer F.SilkS) (width 0.12))
    (fp_line (start -1 -0.62) (end 1 -0.62) (layer F.Fab) (width 0.1))
    (fp_line (start 1 -0.62) (end 1 0.62) (layer F.Fab) (width 0.1))
    (fp_line (start 1 0.62) (end -1 0.62) (layer F.Fab) (width 0.1))
    (fp_line (start -1 0.62) (end -1 -0.62) (layer F.Fab) (width 0.1))
    (fp_text user %R (at 0 -1.5 90) (layer F.Fab)
      (effects (font (size 1 1) (thickness 0.15)))
    )
    (pad 2 smd rect (at 1 0 90) (size 1 1.25) (layers F.Cu F.Paste F.Mask)
      (net 2 GND))
    (pad 1 smd rect (at -1 0 90) (size 1 1.25) (layers F.Cu F.Paste F.Mask)
      (net 15 VDD))
    (model Capacitors_SMD.3dshapes/C_0805.wrl
      (at (xyz 0 0 0))
      (scale (xyz 1 1 1))
      (rotate (xyz 0 0 0))
    )
  )

  (module Capacitors_SMD:C_0805 (layer F.Cu) (tedit 59E62DB7) (tstamp 59E5EB03)
    (at 89.1 102.8 270)
    (descr "Capacitor SMD 0805, reflow soldering, AVX (see smccp.pdf)")
    (tags "capacitor 0805")
    (path /59E58B24)
    (attr smd)
    (fp_text reference C13 (at -2.2 0) (layer F.SilkS)
      (effects (font (size 0.6 0.6) (thickness 0.12)))
    )
    (fp_text value 10u (at 0 1.75 270) (layer F.Fab)
      (effects (font (size 1 1) (thickness 0.15)))
    )
    (fp_text user %R (at 0 -1.5 270) (layer F.Fab)
      (effects (font (size 1 1) (thickness 0.15)))
    )
    (fp_line (start -1 0.62) (end -1 -0.62) (layer F.Fab) (width 0.1))
    (fp_line (start 1 0.62) (end -1 0.62) (layer F.Fab) (width 0.1))
    (fp_line (start 1 -0.62) (end 1 0.62) (layer F.Fab) (width 0.1))
    (fp_line (start -1 -0.62) (end 1 -0.62) (layer F.Fab) (width 0.1))
    (fp_line (start 0.5 -0.85) (end -0.5 -0.85) (layer F.SilkS) (width 0.12))
    (fp_line (start -0.5 0.85) (end 0.5 0.85) (layer F.SilkS) (width 0.12))
    (fp_line (start -1.75 -0.88) (end 1.75 -0.88) (layer F.CrtYd) (width 0.05))
    (fp_line (start -1.75 -0.88) (end -1.75 0.87) (layer F.CrtYd) (width 0.05))
    (fp_line (start 1.75 0.87) (end 1.75 -0.88) (layer F.CrtYd) (width 0.05))
    (fp_line (start 1.75 0.87) (end -1.75 0.87) (layer F.CrtYd) (width 0.05))
    (pad 1 smd rect (at -1 0 270) (size 1 1.25) (layers F.Cu F.Paste F.Mask)
      (net 22 "Net-(C13-Pad1)"))
    (pad 2 smd rect (at 1 0 270) (size 1 1.25) (layers F.Cu F.Paste F.Mask)
      (net 2 GND))
    (model Capacitors_SMD.3dshapes/C_0805.wrl
      (at (xyz 0 0 0))
      (scale (xyz 1 1 1))
      (rotate (xyz 0 0 0))
    )
  )

  (module Capacitors_SMD:C_0805 (layer F.Cu) (tedit 59E62DB2) (tstamp 59E5EB14)
    (at 87.2 102.8 270)
    (descr "Capacitor SMD 0805, reflow soldering, AVX (see smccp.pdf)")
    (tags "capacitor 0805")
    (path /59E5DFB0)
    (attr smd)
    (fp_text reference C14 (at -2.2 0) (layer F.SilkS)
      (effects (font (size 0.6 0.6) (thickness 0.12)))
    )
    (fp_text value 100n (at 0 1.75 270) (layer F.Fab)
      (effects (font (size 1 1) (thickness 0.15)))
    )
    (fp_text user %R (at 0 -1.5 270) (layer F.Fab)
      (effects (font (size 1 1) (thickness 0.15)))
    )
    (fp_line (start -1 0.62) (end -1 -0.62) (layer F.Fab) (width 0.1))
    (fp_line (start 1 0.62) (end -1 0.62) (layer F.Fab) (width 0.1))
    (fp_line (start 1 -0.62) (end 1 0.62) (layer F.Fab) (width 0.1))
    (fp_line (start -1 -0.62) (end 1 -0.62) (layer F.Fab) (width 0.1))
    (fp_line (start 0.5 -0.85) (end -0.5 -0.85) (layer F.SilkS) (width 0.12))
    (fp_line (start -0.5 0.85) (end 0.5 0.85) (layer F.SilkS) (width 0.12))
    (fp_line (start -1.75 -0.88) (end 1.75 -0.88) (layer F.CrtYd) (width 0.05))
    (fp_line (start -1.75 -0.88) (end -1.75 0.87) (layer F.CrtYd) (width 0.05))
    (fp_line (start 1.75 0.87) (end 1.75 -0.88) (layer F.CrtYd) (width 0.05))
    (fp_line (start 1.75 0.87) (end -1.75 0.87) (layer F.CrtYd) (width 0.05))
    (pad 1 smd rect (at -1 0 270) (size 1 1.25) (layers F.Cu F.Paste F.Mask)
      (net 22 "Net-(C13-Pad1)"))
    (pad 2 smd rect (at 1 0 270) (size 1 1.25) (layers F.Cu F.Paste F.Mask)
      (net 2 GND))
    (model Capacitors_SMD.3dshapes/C_0805.wrl
      (at (xyz 0 0 0))
      (scale (xyz 1 1 1))
      (rotate (xyz 0 0 0))
    )
  )

  (module Capacitors_SMD:C_0805 (layer F.Cu) (tedit 59E62E66) (tstamp 59E5EB25)
    (at 99.9 94.4)
    (descr "Capacitor SMD 0805, reflow soldering, AVX (see smccp.pdf)")
    (tags "capacitor 0805")
    (path /59E5BFDD)
    (attr smd)
    (fp_text reference C15 (at 2.6 0 180) (layer F.SilkS)
      (effects (font (size 0.6 0.6) (thickness 0.12)))
    )
    (fp_text value 100n (at 0 1.75) (layer F.Fab)
      (effects (font (size 1 1) (thickness 0.15)))
    )
    (fp_line (start 1.75 0.87) (end -1.75 0.87) (layer F.CrtYd) (width 0.05))
    (fp_line (start 1.75 0.87) (end 1.75 -0.88) (layer F.CrtYd) (width 0.05))
    (fp_line (start -1.75 -0.88) (end -1.75 0.87) (layer F.CrtYd) (width 0.05))
    (fp_line (start -1.75 -0.88) (end 1.75 -0.88) (layer F.CrtYd) (width 0.05))
    (fp_line (start -0.5 0.85) (end 0.5 0.85) (layer F.SilkS) (width 0.12))
    (fp_line (start 0.5 -0.85) (end -0.5 -0.85) (layer F.SilkS) (width 0.12))
    (fp_line (start -1 -0.62) (end 1 -0.62) (layer F.Fab) (width 0.1))
    (fp_line (start 1 -0.62) (end 1 0.62) (layer F.Fab) (width 0.1))
    (fp_line (start 1 0.62) (end -1 0.62) (layer F.Fab) (width 0.1))
    (fp_line (start -1 0.62) (end -1 -0.62) (layer F.Fab) (width 0.1))
    (fp_text user %R (at 0 -1.5) (layer F.Fab)
      (effects (font (size 1 1) (thickness 0.15)))
    )
    (pad 2 smd rect (at 1 0) (size 1 1.25) (layers F.Cu F.Paste F.Mask)
      (net 2 GND))
    (pad 1 smd rect (at -1 0) (size 1 1.25) (layers F.Cu F.Paste F.Mask)
      (net 16 VDDA))
    (model Capacitors_SMD.3dshapes/C_0805.wrl
      (at (xyz 0 0 0))
      (scale (xyz 1 1 1))
      (rotate (xyz 0 0 0))
    )
  )

  (module Capacitors_SMD:C_0805 (layer F.Cu) (tedit 59E62C10) (tstamp 59E5EB36)
    (at 94.7 96.4 90)
    (descr "Capacitor SMD 0805, reflow soldering, AVX (see smccp.pdf)")
    (tags "capacitor 0805")
    (path /59E578AD)
    (attr smd)
    (fp_text reference C16 (at 2.2 -0.1 180) (layer F.SilkS)
      (effects (font (size 0.6 0.6) (thickness 0.12)))
    )
    (fp_text value 10u (at 0 1.75 90) (layer F.Fab)
      (effects (font (size 1 1) (thickness 0.15)))
    )
    (fp_text user %R (at 0 -1.5 90) (layer F.Fab)
      (effects (font (size 1 1) (thickness 0.15)))
    )
    (fp_line (start -1 0.62) (end -1 -0.62) (layer F.Fab) (width 0.1))
    (fp_line (start 1 0.62) (end -1 0.62) (layer F.Fab) (width 0.1))
    (fp_line (start 1 -0.62) (end 1 0.62) (layer F.Fab) (width 0.1))
    (fp_line (start -1 -0.62) (end 1 -0.62) (layer F.Fab) (width 0.1))
    (fp_line (start 0.5 -0.85) (end -0.5 -0.85) (layer F.SilkS) (width 0.12))
    (fp_line (start -0.5 0.85) (end 0.5 0.85) (layer F.SilkS) (width 0.12))
    (fp_line (start -1.75 -0.88) (end 1.75 -0.88) (layer F.CrtYd) (width 0.05))
    (fp_line (start -1.75 -0.88) (end -1.75 0.87) (layer F.CrtYd) (width 0.05))
    (fp_line (start 1.75 0.87) (end 1.75 -0.88) (layer F.CrtYd) (width 0.05))
    (fp_line (start 1.75 0.87) (end -1.75 0.87) (layer F.CrtYd) (width 0.05))
    (pad 1 smd rect (at -1 0 90) (size 1 1.25) (layers F.Cu F.Paste F.Mask)
      (net 16 VDDA))
    (pad 2 smd rect (at 1 0 90) (size 1 1.25) (layers F.Cu F.Paste F.Mask)
      (net 2 GND))
    (model Capacitors_SMD.3dshapes/C_0805.wrl
      (at (xyz 0 0 0))
      (scale (xyz 1 1 1))
      (rotate (xyz 0 0 0))
    )
  )

  (module Diodes_SMD:D_1206 (layer F.Cu) (tedit 59E62A6F) (tstamp 59E5EB4E)
    (at 97.1 107.3)
    (descr "Diode SMD 1206, reflow soldering http://datasheets.avx.com/schottky.pdf")
    (tags "Diode 1206")
    (path /59E4E805)
    (attr smd)
    (fp_text reference D1 (at 0 -1.6) (layer F.SilkS)
      (effects (font (size 0.6 0.6) (thickness 0.12)))
    )
    (fp_text value D (at 0 1.9) (layer F.Fab)
      (effects (font (size 1 1) (thickness 0.15)))
    )
    (fp_text user %R (at 0 -1.8) (layer F.Fab)
      (effects (font (size 1 1) (thickness 0.15)))
    )
    (fp_line (start -0.254 -0.254) (end -0.254 0.254) (layer F.Fab) (width 0.1))
    (fp_line (start 0.127 0) (end 0.381 0) (layer F.Fab) (width 0.1))
    (fp_line (start -0.254 0) (end -0.508 0) (layer F.Fab) (width 0.1))
    (fp_line (start 0.127 0.254) (end -0.254 0) (layer F.Fab) (width 0.1))
    (fp_line (start 0.127 -0.254) (end 0.127 0.254) (layer F.Fab) (width 0.1))
    (fp_line (start -0.254 0) (end 0.127 -0.254) (layer F.Fab) (width 0.1))
    (fp_line (start -2.2 -1.06) (end -2.2 1.06) (layer F.SilkS) (width 0.12))
    (fp_line (start -1.7 0.95) (end -1.7 -0.95) (layer F.Fab) (width 0.1))
    (fp_line (start 1.7 0.95) (end -1.7 0.95) (layer F.Fab) (width 0.1))
    (fp_line (start 1.7 -0.95) (end 1.7 0.95) (layer F.Fab) (width 0.1))
    (fp_line (start -1.7 -0.95) (end 1.7 -0.95) (layer F.Fab) (width 0.1))
    (fp_line (start -2.3 -1.16) (end 2.3 -1.16) (layer F.CrtYd) (width 0.05))
    (fp_line (start -2.3 1.16) (end 2.3 1.16) (layer F.CrtYd) (width 0.05))
    (fp_line (start -2.3 -1.16) (end -2.3 1.16) (layer F.CrtYd) (width 0.05))
    (fp_line (start 2.3 -1.16) (end 2.3 1.16) (layer F.CrtYd) (width 0.05))
    (fp_line (start 1 -1.06) (end -2.2 -1.06) (layer F.SilkS) (width 0.12))
    (fp_line (start -2.2 1.06) (end 1 1.06) (layer F.SilkS) (width 0.12))
    (pad 1 smd rect (at -1.5 0) (size 1 1.6) (layers F.Cu F.Paste F.Mask)
      (net 6 "Net-(C4-Pad2)"))
    (pad 2 smd rect (at 1.5 0) (size 1 1.6) (layers F.Cu F.Paste F.Mask)
      (net 7 "Net-(C4-Pad1)"))
    (model ${KISYS3DMOD}/Diodes_SMD.3dshapes/D_1206.wrl
      (at (xyz 0 0 0))
      (scale (xyz 1 1 1))
      (rotate (xyz 0 0 0))
    )
  )

  (module Pin_Headers:Pin_Header_Straight_1x03_Pitch1.00mm_SMD_Pin1Left (layer F.Cu) (tedit 59E62FB7) (tstamp 59E5EB70)
    (at 112.4 105.8 270)
    (descr "surface-mounted straight pin header, 1x03, 1.00mm pitch, single row, style 1 (pin 1 left)")
    (tags "Surface mounted pin header SMD 1x03 1.00mm single row style1 pin1 left")
    (path /59E530A1)
    (attr smd)
    (fp_text reference JP1 (at 1.5 -1.6) (layer F.SilkS)
      (effects (font (size 0.6 0.6) (thickness 0.12)))
    )
    (fp_text value Jumper_NC_Dual (at 0 2.56 270) (layer F.Fab)
      (effects (font (size 1 1) (thickness 0.15)))
    )
    (fp_line (start 0.635 1.5) (end -0.635 1.5) (layer F.Fab) (width 0.1))
    (fp_line (start -0.285 -1.5) (end 0.635 -1.5) (layer F.Fab) (width 0.1))
    (fp_line (start -0.635 1.5) (end -0.635 -1.15) (layer F.Fab) (width 0.1))
    (fp_line (start -0.635 -1.15) (end -0.285 -1.5) (layer F.Fab) (width 0.1))
    (fp_line (start 0.635 -1.5) (end 0.635 1.5) (layer F.Fab) (width 0.1))
    (fp_line (start -0.635 -1.15) (end -1.25 -1.15) (layer F.Fab) (width 0.1))
    (fp_line (start -1.25 -1.15) (end -1.25 -0.85) (layer F.Fab) (width 0.1))
    (fp_line (start -1.25 -0.85) (end -0.635 -0.85) (layer F.Fab) (width 0.1))
    (fp_line (start -0.635 0.85) (end -1.25 0.85) (layer F.Fab) (width 0.1))
    (fp_line (start -1.25 0.85) (end -1.25 1.15) (layer F.Fab) (width 0.1))
    (fp_line (start -1.25 1.15) (end -0.635 1.15) (layer F.Fab) (width 0.1))
    (fp_line (start 0.635 -0.15) (end 1.25 -0.15) (layer F.Fab) (width 0.1))
    (fp_line (start 1.25 -0.15) (end 1.25 0.15) (layer F.Fab) (width 0.1))
    (fp_line (start 1.25 0.15) (end 0.635 0.15) (layer F.Fab) (width 0.1))
    (fp_line (start -0.695 -1.56) (end 0.695 -1.56) (layer F.SilkS) (width 0.12))
    (fp_line (start -0.695 1.56) (end 0.695 1.56) (layer F.SilkS) (width 0.12))
    (fp_line (start -0.695 -1.56) (end -1.69 -1.56) (layer F.SilkS) (width 0.12))
    (fp_line (start -0.695 -1.56) (end -0.695 -1.56) (layer F.SilkS) (width 0.12))
    (fp_line (start 0.695 1.56) (end 0.695 1.56) (layer F.SilkS) (width 0.12))
    (fp_line (start 0.695 -1.56) (end 0.695 -0.56) (layer F.SilkS) (width 0.12))
    (fp_line (start 0.695 0.56) (end 0.695 1.56) (layer F.SilkS) (width 0.12))
    (fp_line (start -0.695 -0.44) (end -0.695 0.44) (layer F.SilkS) (width 0.12))
    (fp_line (start -2.25 -2) (end -2.25 2) (layer F.CrtYd) (width 0.05))
    (fp_line (start -2.25 2) (end 2.25 2) (layer F.CrtYd) (width 0.05))
    (fp_line (start 2.25 2) (end 2.25 -2) (layer F.CrtYd) (width 0.05))
    (fp_line (start 2.25 -2) (end -2.25 -2) (layer F.CrtYd) (width 0.05))
    (fp_text user %R (at 0 0) (layer F.Fab)
      (effects (font (size 1 1) (thickness 0.15)))
    )
    (pad 1 smd rect (at -0.875 -1 270) (size 1.75 0.6) (layers F.Cu F.Paste F.Mask)
      (net 17 "Net-(JP1-Pad1)"))
    (pad 3 smd rect (at -0.875 1 270) (size 1.75 0.6) (layers F.Cu F.Paste F.Mask)
      (net 11 /VIN_BATT))
    (pad 2 smd rect (at 0.875 0 270) (size 1.75 0.6) (layers F.Cu F.Paste F.Mask)
      (net 18 /AMP_REF))
    (model ${KISYS3DMOD}/Pin_Headers.3dshapes/Pin_Header_Straight_1x03_Pitch1.00mm_SMD_Pin1Left.wrl
      (at (xyz 0 0 0))
      (scale (xyz 1 1 1))
      (rotate (xyz 0 0 0))
    )
  )

  (module Capacitors_SMD:C_0805 (layer F.Cu) (tedit 59E62CAE) (tstamp 59E5EB81)
    (at 91.6 91.6)
    (descr "Capacitor SMD 0805, reflow soldering, AVX (see smccp.pdf)")
    (tags "capacitor 0805")
