(kicad_pcb (version 20171130) (host pcbnew "(5.1.0)-1")

  (general
    (thickness 1.6)
    (drawings 36)
    (tracks 420)
    (zones 0)
    (modules 50)
    (nets 50)
  )

  (page A4)
  (layers
    (0 F.Cu signal)
    (31 B.Cu signal)
    (32 B.Adhes user)
    (33 F.Adhes user)
    (34 B.Paste user)
    (35 F.Paste user)
    (36 B.SilkS user)
    (37 F.SilkS user)
    (38 B.Mask user)
    (39 F.Mask user)
    (40 Dwgs.User user)
    (41 Cmts.User user)
    (42 Eco1.User user)
    (43 Eco2.User user)
    (44 Edge.Cuts user)
    (45 Margin user hide)
    (46 B.CrtYd user)
    (47 F.CrtYd user hide)
    (48 B.Fab user hide)
    (49 F.Fab user hide)
  )

  (setup
    (last_trace_width 0.25)
    (trace_clearance 0.2)
    (zone_clearance 0.508)
    (zone_45_only no)
    (trace_min 0.2)
    (via_size 0.8)
    (via_drill 0.4)
    (via_min_size 0.4)
    (via_min_drill 0.3)
    (uvia_size 0.3)
    (uvia_drill 0.1)
    (uvias_allowed no)
    (uvia_min_size 0.2)
    (uvia_min_drill 0.1)
    (edge_width 0.05)
    (segment_width 0.2)
    (pcb_text_width 0.3)
    (pcb_text_size 1.5 1.5)
    (mod_edge_width 0.12)
    (mod_text_size 1 1)
    (mod_text_width 0.15)
    (pad_size 1.524 1.524)
    (pad_drill 0.762)
    (pad_to_mask_clearance 0.051)
    (solder_mask_min_width 0.25)
    (aux_axis_origin 0 0)
    (grid_origin 10 10)
    (visible_elements 7FFFFFFF)
    (pcbplotparams
      (layerselection 0x010fc_ffffffff)
      (usegerberextensions true)
      (usegerberattributes false)
      (usegerberadvancedattributes false)
      (creategerberjobfile false)
      (excludeedgelayer true)
      (linewidth 0.100000)
      (plotframeref false)
      (viasonmask false)
      (mode 1)
      (useauxorigin false)
      (hpglpennumber 1)
      (hpglpenspeed 20)
      (hpglpendiameter 15.000000)
      (psnegative false)
      (psa4output false)
      (plotreference true)
      (plotvalue true)
      (plotinvisibletext false)
      (padsonsilk false)
      (subtractmaskfromsilk false)
      (outputformat 1)
      (mirror false)
      (drillshape 0)
      (scaleselection 1)
      (outputdirectory "Gerber/"))
  )

  (net 0 "")
  (net 1 GND)
  (net 2 /LIGHT_SENSE)
  (net 3 "Net-(D3-Pad1)")
  (net 4 /SWDIO)
  (net 5 VDD)
  (net 6 /SWDCLK)
  (net 7 /CAM_JACK)
  (net 8 /TX)
  (net 9 /FOCUS)
  (net 10 /RX)
  (net 11 /TRIGGER)
  (net 12 /BUTTON)
  (net 13 "Net-(Q1-Pad3)")
  (net 14 /LED_RED)
  (net 15 /LED_GREEN)
  (net 16 "Net-(Q2-Pad3)")
  (net 17 /RX_EN)
  (net 18 "Net-(Q3-Pad3)")
  (net 19 /IR_LED_EN)
  (net 20 /PWR1)
  (net 21 "Net-(Q5-Pad3)")
  (net 22 "Net-(Q6-Pad3)")
  (net 23 /PWR2)
  (net 24 "Net-(C9-Pad2)")
  (net 25 /GPIO1)
  (net 26 /GPIO2)
  (net 27 /LFCLK_XL1)
  (net 28 /LFCLK_XL2)
  (net 29 /DEC4)
  (net 30 "Net-(D2-Pad4)")
  (net 31 "Net-(D2-Pad2)")
  (net 32 "Net-(L1-Pad2)")
  (net 33 /DCC)
  (net 34 "Net-(L3-Pad1)")
  (net 35 /LIGHT_SENSE_EN)
  (net 36 /REG_EN)
  (net 37 /RX_OUT)
  (net 38 "Net-(U1-Pad38)")
  (net 39 "Net-(U1-Pad40)")
  (net 40 "Net-(U1-Pad41)")
  (net 41 /RX_TX_S)
  (net 42 "Net-(U1-Pad15)")
  (net 43 "Net-(U1-Pad16)")
  (net 44 "Net-(U1-Pad29)")
  (net 45 "Net-(Y1-Pad2)")
  (net 46 "Net-(U1-Pad2)")
  (net 47 "Net-(U1-Pad3)")
  (net 48 /VLED)
  (net 49 "Net-(U1-Pad35)")

  (net_class Default "This is the default net class."
    (clearance 0.2)
    (trace_width 0.25)
    (via_dia 0.8)
    (via_drill 0.4)
    (uvia_dia 0.3)
    (uvia_drill 0.1)
    (add_net /BUTTON)
    (add_net /CAM_JACK)
    (add_net /DCC)
    (add_net /DEC4)
    (add_net /FOCUS)
    (add_net /GPIO1)
    (add_net /GPIO2)
    (add_net /IR_LED_EN)
    (add_net /LED_GREEN)
    (add_net /LED_RED)
    (add_net /LFCLK_XL1)
    (add_net /LFCLK_XL2)
    (add_net /LIGHT_SENSE)
    (add_net /LIGHT_SENSE_EN)
    (add_net /PWR1)
    (add_net /PWR2)
    (add_net /REG_EN)
    (add_net /RX)
    (add_net /RX_EN)
    (add_net /RX_OUT)
    (add_net /RX_TX_S)
    (add_net /SWDCLK)
    (add_net /SWDIO)
    (add_net /TRIGGER)
    (add_net /TX)
    (add_net /VLED)
    (add_net GND)
    (add_net "Net-(C9-Pad2)")
    (add_net "Net-(D2-Pad2)")
    (add_net "Net-(D2-Pad4)")
    (add_net "Net-(D3-Pad1)")
    (add_net "Net-(L1-Pad2)")
    (add_net "Net-(L3-Pad1)")
    (add_net "Net-(Q1-Pad3)")
    (add_net "Net-(Q2-Pad3)")
    (add_net "Net-(Q3-Pad3)")
    (add_net "Net-(Q5-Pad3)")
    (add_net "Net-(Q6-Pad3)")
    (add_net "Net-(U1-Pad15)")
    (add_net "Net-(U1-Pad16)")
    (add_net "Net-(U1-Pad2)")
    (add_net "Net-(U1-Pad29)")
    (add_net "Net-(U1-Pad3)")
    (add_net "Net-(U1-Pad35)")
    (add_net "Net-(U1-Pad38)")
    (add_net "Net-(U1-Pad40)")
    (add_net "Net-(U1-Pad41)")
    (add_net "Net-(Y1-Pad2)")
    (add_net VDD)
  )

  (module senseBe_rev3:R_0603_HandSoldering (layer F.Cu) (tedit 58E0A804) (tstamp 5CADFE1E)
    (at 31.5 48.5 180)
    (descr "Resistor SMD 0603, hand soldering")
    (tags "resistor 0603")
    (path /5CB4B8BB)
    (attr smd)
    (fp_text reference R16 (at -2.54364 0.2984 270) (layer F.SilkS)
      (effects (font (size 0.75 0.75) (thickness 0.15)))
    )
    (fp_text value 10k (at 0 1.55 180) (layer F.Fab)
      (effects (font (size 0.75 0.75) (thickness 0.15)))
    )
    (fp_line (start 1.95 0.7) (end -1.96 0.7) (layer F.CrtYd) (width 0.05))
    (fp_line (start 1.95 0.7) (end 1.95 -0.7) (layer F.CrtYd) (width 0.05))
    (fp_line (start -1.96 -0.7) (end -1.96 0.7) (layer F.CrtYd) (width 0.05))
    (fp_line (start -1.96 -0.7) (end 1.95 -0.7) (layer F.CrtYd) (width 0.05))
    (fp_line (start -0.5 -0.68) (end 0.5 -0.68) (layer F.SilkS) (width 0.12))
    (fp_line (start 0.5 0.68) (end -0.5 0.68) (layer F.SilkS) (width 0.12))
    (fp_line (start -0.8 -0.4) (end 0.8 -0.4) (layer F.Fab) (width 0.1))
    (fp_line (start 0.8 -0.4) (end 0.8 0.4) (layer F.Fab) (width 0.1))
    (fp_line (start 0.8 0.4) (end -0.8 0.4) (layer F.Fab) (width 0.1))
    (fp_line (start -0.8 0.4) (end -0.8 -0.4) (layer F.Fab) (width 0.1))
    (fp_text user %R (at 0 0 180) (layer F.Fab)
      (effects (font (size 0.4 0.4) (thickness 0.075)))
    )
    (pad 2 smd rect (at 1.1 0 180) (size 1.2 0.9) (layers F.Cu F.Paste F.Mask)
      (net 1 GND))
    (pad 1 smd rect (at -1.1 0 180) (size 1.2 0.9) (layers F.Cu F.Paste F.Mask)
      (net 41 /RX_TX_S))
    (model ${KISYS3DMOD}/Resistors_SMD.3dshapes/R_0603.wrl
      (at (xyz 0 0 0))
      (scale (xyz 1 1 1))
      (rotate (xyz 0 0 0))
    )
  )

  (module senseBe_rev3:Vishay_MINIMOLD-3Pin (layer F.Cu) (tedit 5CADF070) (tstamp 5CAE2EE9)
    (at 34.05 28.55 90)
    (descr "IR Receiver Vishay TSOP-xxxx, MINIMOLD package, see https://www.vishay.com/docs/82742/tsop331.pdf")
    (tags "IR Receiver Vishay TSOP-xxxx MINIMOLD")
    (path /5BA4B8BC)
    (fp_text reference U2 (at 3.7 2.74 180) (layer F.SilkS)
      (effects (font (size 1 1) (thickness 0.15)))
    )
    (fp_text value TSSP4056 (at 2.54 5 -90) (layer F.Fab)
      (effects (font (size 1 1) (thickness 0.15)))
    )
    (fp_text user %R (at 2.51 1.99 90) (layer F.Fab)
      (effects (font (size 1 1) (thickness 0.15)))
    )
    (fp_line (start 5 1.1) (end 0 1.1) (layer F.Fab) (width 0.1))
    (fp_line (start 0 1.1) (end -0.2 1.1) (layer F.Fab) (width 0.1))
    (fp_line (start -0.2 1.1) (end -0.2 -0.55) (layer F.Fab) (width 0.1))
    (fp_line (start 0.3 -1.05) (end 5.3 -1.05) (layer F.Fab) (width 0.1))
    (fp_line (start 5.3 -1.05) (end 5.3 1.1) (layer F.Fab) (width 0.1))
    (fp_line (start 5.3 1.1) (end 5 1.1) (layer F.Fab) (width 0.1))
    (fp_line (start 0.3 -1.05) (end -0.2 -0.55) (layer F.Fab) (width 0.1))
    (fp_line (start -1.15 1.3) (end -1.15 -8.7) (layer F.CrtYd) (width 0.15))
    (fp_line (start -1.15 -8.7) (end 6.25 -8.7) (layer F.CrtYd) (width 0.15))
    (fp_line (start 6.25 1.3) (end 6.25 -8.7) (layer F.CrtYd) (width 0.15))
    (fp_line (start -1.15 1.3) (end 6.25 1.3) (layer F.CrtYd) (width 0.15))
    (fp_line (start -1.15 1.3) (end 6.25 1.3) (layer F.SilkS) (width 0.15))
    (fp_line (start 6.25 1.3) (end 6.25 -8.7) (layer F.SilkS) (width 0.15))
    (fp_line (start 6.25 -8.7) (end 0 -8.7) (layer F.SilkS) (width 0.15))
    (fp_line (start -1.15 -7.5) (end -1.15 1.3) (layer F.SilkS) (width 0.15))
    (fp_line (start -1.15 -7.5) (end 0 -8.7) (layer F.SilkS) (width 0.15))
    (pad 1 thru_hole roundrect (at 0 0 90) (size 1.8 1.8) (drill 0.9) (layers *.Cu *.Mask) (roundrect_rratio 0.139)
      (net 37 /RX_OUT))
    (pad 2 thru_hole circle (at 2.54 0 90) (size 1.8 1.8) (drill 0.9) (layers *.Cu *.Mask)
      (net 18 "Net-(Q3-Pad3)"))
    (pad 3 thru_hole circle (at 5.08 0 90) (size 1.8 1.8) (drill 0.9) (layers *.Cu *.Mask)
      (net 5 VDD))
  )

  (module LED_THT:LED_D5.0mm (layer F.Cu) (tedit 5CADF084) (tstamp 5CADD9EE)
    (at 28.7 26)
    (descr "LED, diameter 5.0mm, 2 pins, http://cdn-reichelt.de/documents/datenblatt/A500/LL-504BC2E-009.pdf")
    (tags "LED diameter 5.0mm 2 pins")
    (path /5C63BFE8/5CB2938B)
    (fp_text reference D3 (at -1.94108 0.04518 90) (layer F.SilkS)
      (effects (font (size 1 1) (thickness 0.15)))
    )
    (fp_text value SFH4545 (at 1.27 3.96) (layer F.Fab)
      (effects (font (size 1 1) (thickness 0.15)))
    )
    (fp_arc (start 1.27 0) (end -1.23 -1.469694) (angle 299.1) (layer F.Fab) (width 0.1))
    (fp_arc (start 1.27 0) (end -1.29 -1.54483) (angle 148.9) (layer F.SilkS) (width 0.12))
    (fp_arc (start 1.27 0) (end -1.29 1.54483) (angle -148.9) (layer F.SilkS) (width 0.12))
    (fp_circle (center 1.27 0) (end 3.77 0) (layer F.Fab) (width 0.1))
    (fp_circle (center 1.27 0) (end 3.77 0) (layer F.SilkS) (width 0.12))
    (fp_line (start -1.23 -1.469694) (end -1.23 1.469694) (layer F.Fab) (width 0.1))
    (fp_line (start -1.29 -1.545) (end -1.29 1.545) (layer F.SilkS) (width 0.12))
    (fp_line (start -1.95 -3.25) (end -1.95 3.25) (layer F.CrtYd) (width 0.05))
    (fp_line (start -1.95 3.25) (end 4.5 3.25) (layer F.CrtYd) (width 0.05))
    (fp_line (start 4.5 3.25) (end 4.5 -3.25) (layer F.CrtYd) (width 0.05))
    (fp_line (start 4.5 -3.25) (end -1.95 -3.25) (layer F.CrtYd) (width 0.05))
    (fp_text user %R (at 1.25 0) (layer F.Fab)
      (effects (font (size 0.8 0.8) (thickness 0.2)))
    )
    (pad 1 thru_hole rect (at 0 0) (size 1.8 1.8) (drill 0.9) (layers *.Cu *.Mask)
      (net 3 "Net-(D3-Pad1)"))
    (pad 2 thru_hole circle (at 2.54 0) (size 1.8 1.8) (drill 0.9) (layers *.Cu *.Mask)
      (net 48 /VLED))
  )

  (module Connector_PinHeader_2.54mm:PinHeader_2x05_P2.54mm_Vertical (layer B.Cu) (tedit 5CADE9EC) (tstamp 5CACE0EF)
    (at 25.5 51.95 90)
    (descr "Through hole straight pin header, 2x05, 2.54mm pitch, double rows")
    (tags "Through hole pin header THT 2x05 2.54mm double row")
    (path /5A86DAE8)
    (fp_text reference P1 (at 1.27 -12.6 90) (layer B.SilkS)
      (effects (font (size 1 1) (thickness 0.15)) (justify mirror))
    )
    (fp_text value CONN_02X05 (at 1.27 -12.49 90) (layer B.Fab)
      (effects (font (size 1 1) (thickness 0.15)) (justify mirror))
    )
    (fp_line (start 0 1.27) (end 3.81 1.27) (layer B.Fab) (width 0.1))
    (fp_line (start 3.81 1.27) (end 3.81 -11.43) (layer B.Fab) (width 0.1))
    (fp_line (start 3.81 -11.43) (end -1.27 -11.43) (layer B.Fab) (width 0.1))
    (fp_line (start -1.27 -11.43) (end -1.27 0) (layer B.Fab) (width 0.1))
    (fp_line (start -1.27 0) (end 0 1.27) (layer B.Fab) (width 0.1))
    (fp_line (start -1.33 -11.49) (end 3.87 -11.49) (layer B.SilkS) (width 0.12))
    (fp_line (start -1.33 -1.27) (end -1.33 -11.49) (layer B.SilkS) (width 0.12))
    (fp_line (start 3.87 1.33) (end 3.87 -11.49) (layer B.SilkS) (width 0.12))
    (fp_line (start -1.33 -1.27) (end 1.27 -1.27) (layer B.SilkS) (width 0.12))
    (fp_line (start 1.27 -1.27) (end 1.27 1.33) (layer B.SilkS) (width 0.12))
    (fp_line (start 1.27 1.33) (end 3.87 1.33) (layer B.SilkS) (width 0.12))
    (fp_line (start -1.33 0) (end -1.33 1.33) (layer B.SilkS) (width 0.12))
    (fp_line (start -1.33 1.33) (end 0 1.33) (layer B.SilkS) (width 0.12))
    (fp_line (start -1.8 1.8) (end -1.8 -11.95) (layer B.CrtYd) (width 0.05))
    (fp_line (start -1.8 -11.95) (end 4.35 -11.95) (layer B.CrtYd) (width 0.05))
    (fp_line (start 4.35 -11.95) (end 4.35 1.8) (layer B.CrtYd) (width 0.05))
    (fp_line (start 4.35 1.8) (end -1.8 1.8) (layer B.CrtYd) (width 0.05))
    (fp_text user %R (at 1.27 -5.08) (layer B.Fab)
      (effects (font (size 1 1) (thickness 0.15)) (justify mirror))
    )
    (pad 1 thru_hole rect (at 0 0 90) (size 1.7 1.7) (drill 1) (layers *.Cu *.Mask)
      (net 12 /BUTTON))
    (pad 2 thru_hole oval (at 2.54 0 90) (size 1.7 1.7) (drill 1) (layers *.Cu *.Mask)
      (net 7 /CAM_JACK))
    (pad 3 thru_hole oval (at 0 -2.54 90) (size 1.7 1.7) (drill 1) (layers *.Cu *.Mask)
      (net 10 /RX))
    (pad 4 thru_hole oval (at 2.54 -2.54 90) (size 1.7 1.7) (drill 1) (layers *.Cu *.Mask)
      (net 9 /FOCUS))
    (pad 5 thru_hole oval (at 0 -5.08 90) (size 1.7 1.7) (drill 1) (layers *.Cu *.Mask)
      (net 8 /TX))
    (pad 6 thru_hole oval (at 2.54 -5.08 90) (size 1.7 1.7) (drill 1) (layers *.Cu *.Mask)
      (net 11 /TRIGGER))
    (pad 7 thru_hole oval (at 0 -7.62 90) (size 1.7 1.7) (drill 1) (layers *.Cu *.Mask)
      (net 6 /SWDCLK))
    (pad 8 thru_hole oval (at 2.54 -7.62 90) (size 1.7 1.7) (drill 1) (layers *.Cu *.Mask)
      (net 5 VDD))
    (pad 9 thru_hole oval (at 0 -10.16 90) (size 1.7 1.7) (drill 1) (layers *.Cu *.Mask)
      (net 4 /SWDIO))
    (pad 10 thru_hole oval (at 2.54 -10.16 90) (size 1.7 1.7) (drill 1) (layers *.Cu *.Mask)
      (net 1 GND))
    (model "${KIPRJMOD}/senseBe_rev3_main_3D_Files/JTAG Conn 2x5.step"
      (at (xyz 0 0 0))
      (scale (xyz 1 1 1))
      (rotate (xyz 0 0 0))
    )
  )

  (module Crystal:Crystal_SMD_SeikoEpson_MC146-4Pin_6.7x1.5mm_HandSoldering (layer F.Cu) (tedit 5A0FD1B2) (tstamp 5CAE1B75)
    (at 29 39.75 180)
    (descr "SMD Crystal Seiko Epson MC-146 https://support.epson.biz/td/api/doc_check.php?dl=brief_MC-156_en.pdf, hand-soldering, 6.7x1.5mm^2 package")
    (tags "SMD SMT crystal hand-soldering")
    (path /5CC0CA86)
    (attr smd)
    (fp_text reference Y1 (at 5.4618 -0.02896 270) (layer F.SilkS)
      (effects (font (size 1 1) (thickness 0.15)))
    )
    (fp_text value MC-146_32.768KA-AC3_ROHS (at 0 1.95 180) (layer F.Fab)
      (effects (font (size 1 1) (thickness 0.15)))
    )
    (fp_text user %R (at 0 0 180) (layer F.Fab)
      (effects (font (size 1 1) (thickness 0.15)))
    )
    (fp_line (start -2.95 -0.75) (end 2.95 -0.75) (layer F.Fab) (width 0.1))
    (fp_line (start 2.95 -0.75) (end 3.35 -0.35) (layer F.Fab) (width 0.1))
    (fp_line (start 3.35 -0.35) (end 3.35 0.35) (layer F.Fab) (width 0.1))
    (fp_line (start 3.35 0.35) (end 2.95 0.75) (layer F.Fab) (width 0.1))
    (fp_line (start 2.95 0.75) (end -2.95 0.75) (layer F.Fab) (width 0.1))
    (fp_line (start -2.95 0.75) (end -3.35 0.35) (layer F.Fab) (width 0.1))
    (fp_line (start -3.35 0.35) (end -3.35 -0.35) (layer F.Fab) (width 0.1))
    (fp_line (start -3.35 -0.35) (end -2.95 -0.75) (layer F.Fab) (width 0.1))
    (fp_line (start -2.85 -0.75) (end -2.85 0.75) (layer F.Fab) (width 0.1))
    (fp_line (start -4.85 -0.95) (end -4.85 0.95) (layer F.SilkS) (width 0.12))
    (fp_line (start -4.85 0.95) (end 4.85 0.95) (layer F.SilkS) (width 0.12))
    (fp_line (start -4.9 -1) (end -4.9 1) (layer F.CrtYd) (width 0.05))
    (fp_line (start -4.9 1) (end 4.9 1) (layer F.CrtYd) (width 0.05))
    (fp_line (start 4.9 1) (end 4.9 -1) (layer F.CrtYd) (width 0.05))
    (fp_line (start 4.9 -1) (end -4.9 -1) (layer F.CrtYd) (width 0.05))
    (pad 1 smd rect (at -3.6 0.45 180) (size 2.1 0.6) (layers F.Cu F.Paste F.Mask)
      (net 27 /LFCLK_XL1))
    (pad 2 smd rect (at 3.6 0.45 180) (size 2.1 0.6) (layers F.Cu F.Paste F.Mask)
      (net 45 "Net-(Y1-Pad2)"))
    (pad 3 smd rect (at 3.6 -0.45 180) (size 2.1 0.6) (layers F.Cu F.Paste F.Mask)
      (net 45 "Net-(Y1-Pad2)"))
    (pad 4 smd rect (at -3.6 -0.45 180) (size 2.1 0.6) (layers F.Cu F.Paste F.Mask)
      (net 28 /LFCLK_XL2))
    (model ${KISYS3DMOD}/Crystal.3dshapes/Crystal_SMD_SeikoEpson_MC146-4Pin_6.7x1.5mm_HandSoldering.wrl
      (at (xyz 0 0 0))
      (scale (xyz 1 1 1))
      (rotate (xyz 0 0 0))
    )
  )

  (module LED_THT:LED_D5.0mm (layer F.Cu) (tedit 5995936A) (tstamp 5CAEE02F)
    (at 44.5 17.15 90)
    (descr "LED, diameter 5.0mm, 2 pins, http://cdn-reichelt.de/documents/datenblatt/A500/LL-504BC2E-009.pdf")
    (tags "LED diameter 5.0mm 2 pins")
    (path /5BA62392)
    (fp_text reference D1 (at 1.3 4 270) (layer F.SilkS)
      (effects (font (size 1 1) (thickness 0.15)))
    )
    (fp_text value D_Photo (at 1.27 3.96 90) (layer F.Fab)
      (effects (font (size 1 1) (thickness 0.15)))
    )
    (fp_text user %R (at 1.25 0 90) (layer F.Fab)
      (effects (font (size 0.8 0.8) (thickness 0.2)))
    )
    (fp_line (start 4.5 -3.25) (end -1.95 -3.25) (layer F.CrtYd) (width 0.05))
    (fp_line (start 4.5 3.25) (end 4.5 -3.25) (layer F.CrtYd) (width 0.05))
    (fp_line (start -1.95 3.25) (end 4.5 3.25) (layer F.CrtYd) (width 0.05))
    (fp_line (start -1.95 -3.25) (end -1.95 3.25) (layer F.CrtYd) (width 0.05))
    (fp_line (start -1.29 -1.545) (end -1.29 1.545) (layer F.SilkS) (width 0.12))
    (fp_line (start -1.23 -1.469694) (end -1.23 1.469694) (layer F.Fab) (width 0.1))
    (fp_circle (center 1.27 0) (end 3.77 0) (layer F.SilkS) (width 0.12))
    (fp_circle (center 1.27 0) (end 3.77 0) (layer F.Fab) (width 0.1))
    (fp_arc (start 1.27 0) (end -1.29 1.54483) (angle -148.9) (layer F.SilkS) (width 0.12))
    (fp_arc (start 1.27 0) (end -1.29 -1.54483) (angle 148.9) (layer F.SilkS) (width 0.12))
    (fp_arc (start 1.27 0) (end -1.23 -1.469694) (angle 299.1) (layer F.Fab) (width 0.1))
    (pad 2 thru_hole circle (at 2.54 0 90) (size 1.8 1.8) (drill 0.9) (layers *.Cu *.Mask)
      (net 1 GND))
    (pad 1 thru_hole rect (at 0 0 90) (size 1.8 1.8) (drill 0.9) (layers *.Cu *.Mask)
      (net 2 /LIGHT_SENSE))
    (model ${KISYS3DMOD}/LED_THT.3dshapes/LED_D5.0mm.wrl
      (at (xyz 0 0 0))
      (scale (xyz 1 1 1))
      (rotate (xyz 0 0 0))
    )
  )

  (module MountingHole:MountingHole_2.5mm locked (layer F.Cu) (tedit 56D1B4CB) (tstamp 5CACE0C7)
    (at 30 17.7)
    (descr "Mounting Hole 2.5mm, no annular")
    (tags "mounting hole 2.5mm no annular")
    (path /5A86D851)
    (attr virtual)
    (fp_text reference MK1 (at 0 -3.5) (layer F.SilkS) hide
      (effects (font (size 1 1) (thickness 0.15)))
    )
    (fp_text value Mounting_Hole (at 0 3.5) (layer F.Fab)
      (effects (font (size 1 1) (thickness 0.15)))
    )
    (fp_circle (center 0 0) (end 2.75 0) (layer F.CrtYd) (width 0.05))
    (fp_circle (center 0 0) (end 2.5 0) (layer Cmts.User) (width 0.15))
    (fp_text user %R (at 0.3 0) (layer F.Fab)
      (effects (font (size 1 1) (thickness 0.15)))
    )
    (pad 1 np_thru_hole circle (at 0 0) (size 2.5 2.5) (drill 2.5) (layers *.Cu *.Mask))
  )

  (module MountingHole:MountingHole_2.5mm locked (layer F.Cu) (tedit 56D1B4CB) (tstamp 5CACE0CF)
    (at 30 34.3)
    (descr "Mounting Hole 2.5mm, no annular")
    (tags "mounting hole 2.5mm no annular")
    (path /5C5D82FA)
    (attr virtual)
    (fp_text reference MK2 (at 0 4.9) (layer F.SilkS) hide
      (effects (font (size 1 1) (thickness 0.15)))
    )
    (fp_text value Mounting_Hole (at 0 3.5) (layer F.Fab)
      (effects (font (size 1 1) (thickness 0.15)))
    )
    (fp_text user %R (at 0.3 0) (layer F.Fab)
      (effects (font (size 1 1) (thickness 0.15)))
    )
    (fp_circle (center 0 0) (end 2.5 0) (layer Cmts.User) (width 0.15))
    (fp_circle (center 0 0) (end 2.75 0) (layer F.CrtYd) (width 0.05))
    (pad 1 np_thru_hole circle (at 0 0) (size 2.5 2.5) (drill 2.5) (layers *.Cu *.Mask))
  )

  (module Package_TO_SOT_SMD:SOT-23 (layer F.Cu) (tedit 5A02FF57) (tstamp 5CACE104)
    (at 20 41.5)
    (descr "SOT-23, Standard")
    (tags SOT-23)
    (path /5CADD275)
    (attr smd)
    (fp_text reference Q1 (at 1.5062 -1.53308 90) (layer F.SilkS)
      (effects (font (size 1 1) (thickness 0.15)))
    )
    (fp_text value SI2302 (at 0 2.5) (layer F.Fab)
      (effects (font (size 1 1) (thickness 0.15)))
    )
    (fp_line (start 0.76 1.58) (end -0.7 1.58) (layer F.SilkS) (width 0.12))
    (fp_line (start 0.76 -1.58) (end -1.4 -1.58) (layer F.SilkS) (width 0.12))
    (fp_line (start -1.7 1.75) (end -1.7 -1.75) (layer F.CrtYd) (width 0.05))
    (fp_line (start 1.7 1.75) (end -1.7 1.75) (layer F.CrtYd) (width 0.05))
    (fp_line (start 1.7 -1.75) (end 1.7 1.75) (layer F.CrtYd) (width 0.05))
    (fp_line (start -1.7 -1.75) (end 1.7 -1.75) (layer F.CrtYd) (width 0.05))
    (fp_line (start 0.76 -1.58) (end 0.76 -0.65) (layer F.SilkS) (width 0.12))
    (fp_line (start 0.76 1.58) (end 0.76 0.65) (layer F.SilkS) (width 0.12))
    (fp_line (start -0.7 1.52) (end 0.7 1.52) (layer F.Fab) (width 0.1))
    (fp_line (start 0.7 -1.52) (end 0.7 1.52) (layer F.Fab) (width 0.1))
    (fp_line (start -0.7 -0.95) (end -0.15 -1.52) (layer F.Fab) (width 0.1))
    (fp_line (start -0.15 -1.52) (end 0.7 -1.52) (layer F.Fab) (width 0.1))
    (fp_line (start -0.7 -0.95) (end -0.7 1.5) (layer F.Fab) (width 0.1))
    (fp_text user %R (at 0 0 90) (layer F.Fab)
      (effects (font (size 0.5 0.5) (thickness 0.075)))
    )
    (pad 3 smd rect (at 1 0) (size 0.9 0.8) (layers F.Cu F.Paste F.Mask)
      (net 13 "Net-(Q1-Pad3)"))
    (pad 2 smd rect (at -1 0.95) (size 0.9 0.8) (layers F.Cu F.Paste F.Mask)
      (net 1 GND))
    (pad 1 smd rect (at -1 -0.95) (size 0.9 0.8) (layers F.Cu F.Paste F.Mask)
      (net 14 /LED_RED))
    (model ${KISYS3DMOD}/Package_TO_SOT_SMD.3dshapes/SOT-23.wrl
      (at (xyz 0 0 0))
      (scale (xyz 1 1 1))
      (rotate (xyz 0 0 0))
    )
  )

  (module Package_TO_SOT_SMD:SOT-23 (layer F.Cu) (tedit 5A02FF57) (tstamp 5CACE119)
    (at 20 45)
    (descr "SOT-23, Standard")
    (tags SOT-23)
    (path /5CAE2BB9)
    (attr smd)
    (fp_text reference Q2 (at 1.5062 1.50996 90) (layer F.SilkS)
      (effects (font (size 1 1) (thickness 0.15)))
    )
    (fp_text value SI2302 (at 0 2.5) (layer F.Fab)
      (effects (font (size 1 1) (thickness 0.15)))
    )
    (fp_text user %R (at 0 0 90) (layer F.Fab)
      (effects (font (size 0.5 0.5) (thickness 0.075)))
    )
    (fp_line (start -0.7 -0.95) (end -0.7 1.5) (layer F.Fab) (width 0.1))
    (fp_line (start -0.15 -1.52) (end 0.7 -1.52) (layer F.Fab) (width 0.1))
    (fp_line (start -0.7 -0.95) (end -0.15 -1.52) (layer F.Fab) (width 0.1))
    (fp_line (start 0.7 -1.52) (end 0.7 1.52) (layer F.Fab) (width 0.1))
    (fp_line (start -0.7 1.52) (end 0.7 1.52) (layer F.Fab) (width 0.1))
    (fp_line (start 0.76 1.58) (end 0.76 0.65) (layer F.SilkS) (width 0.12))
    (fp_line (start 0.76 -1.58) (end 0.76 -0.65) (layer F.SilkS) (width 0.12))
    (fp_line (start -1.7 -1.75) (end 1.7 -1.75) (layer F.CrtYd) (width 0.05))
    (fp_line (start 1.7 -1.75) (end 1.7 1.75) (layer F.CrtYd) (width 0.05))
    (fp_line (start 1.7 1.75) (end -1.7 1.75) (layer F.CrtYd) (width 0.05))
    (fp_line (start -1.7 1.75) (end -1.7 -1.75) (layer F.CrtYd) (width 0.05))
    (fp_line (start 0.76 -1.58) (end -1.4 -1.58) (layer F.SilkS) (width 0.12))
    (fp_line (start 0.76 1.58) (end -0.7 1.58) (layer F.SilkS) (width 0.12))
    (pad 1 smd rect (at -1 -0.95) (size 0.9 0.8) (layers F.Cu F.Paste F.Mask)
      (net 15 /LED_GREEN))
    (pad 2 smd rect (at -1 0.95) (size 0.9 0.8) (layers F.Cu F.Paste F.Mask)
      (net 1 GND))
    (pad 3 smd rect (at 1 0) (size 0.9 0.8) (layers F.Cu F.Paste F.Mask)
      (net 16 "Net-(Q2-Pad3)"))
    (model ${KISYS3DMOD}/Package_TO_SOT_SMD.3dshapes/SOT-23.wrl
      (at (xyz 0 0 0))
      (scale (xyz 1 1 1))
      (rotate (xyz 0 0 0))
    )
  )

  (module Package_TO_SOT_SMD:SOT-23 (layer F.Cu) (tedit 5A02FF57) (tstamp 5CACE12E)
    (at 41.5 27.5 180)
    (descr "SOT-23, Standard")
    (tags SOT-23)
    (path /5CAE6941)
    (attr smd)
    (fp_text reference Q3 (at 2.7 0) (layer F.SilkS)
      (effects (font (size 1 1) (thickness 0.15)))
    )
    (fp_text value SI2302 (at 0 2.5 180) (layer F.Fab)
      (effects (font (size 1 1) (thickness 0.15)))
    )
    (fp_text user %R (at 0 0 270) (layer F.Fab)
      (effects (font (size 0.5 0.5) (thickness 0.075)))
    )
    (fp_line (start -0.7 -0.95) (end -0.7 1.5) (layer F.Fab) (width 0.1))
    (fp_line (start -0.15 -1.52) (end 0.7 -1.52) (layer F.Fab) (width 0.1))
    (fp_line (start -0.7 -0.95) (end -0.15 -1.52) (layer F.Fab) (width 0.1))
    (fp_line (start 0.7 -1.52) (end 0.7 1.52) (layer F.Fab) (width 0.1))
    (fp_line (start -0.7 1.52) (end 0.7 1.52) (layer F.Fab) (width 0.1))
    (fp_line (start 0.76 1.58) (end 0.76 0.65) (layer F.SilkS) (width 0.12))
    (fp_line (start 0.76 -1.58) (end 0.76 -0.65) (layer F.SilkS) (width 0.12))
    (fp_line (start -1.7 -1.75) (end 1.7 -1.75) (layer F.CrtYd) (width 0.05))
    (fp_line (start 1.7 -1.75) (end 1.7 1.75) (layer F.CrtYd) (width 0.05))
    (fp_line (start 1.7 1.75) (end -1.7 1.75) (layer F.CrtYd) (width 0.05))
    (fp_line (start -1.7 1.75) (end -1.7 -1.75) (layer F.CrtYd) (width 0.05))
    (fp_line (start 0.76 -1.58) (end -1.4 -1.58) (layer F.SilkS) (width 0.12))
    (fp_line (start 0.76 1.58) (end -0.7 1.58) (layer F.SilkS) (width 0.12))
    (pad 1 smd rect (at -1 -0.95 180) (size 0.9 0.8) (layers F.Cu F.Paste F.Mask)
      (net 17 /RX_EN))
    (pad 2 smd rect (at -1 0.95 180) (size 0.9 0.8) (layers F.Cu F.Paste F.Mask)
      (net 1 GND))
    (pad 3 smd rect (at 1 0 180) (size 0.9 0.8) (layers F.Cu F.Paste F.Mask)
      (net 18 "Net-(Q3-Pad3)"))
    (model ${KISYS3DMOD}/Package_TO_SOT_SMD.3dshapes/SOT-23.wrl
      (at (xyz 0 0 0))
      (scale (xyz 1 1 1))
      (rotate (xyz 0 0 0))
    )
  )

  (module Package_TO_SOT_SMD:SOT-23 (layer F.Cu) (tedit 5A02FF57) (tstamp 5CAE39FA)
    (at 22.5 18.5)
    (descr "SOT-23, Standard")
    (tags SOT-23)
    (path /5C63BFE8/5CAF0419)
    (attr smd)
    (fp_text reference Q4 (at 0.3 2.6 90) (layer F.SilkS)
      (effects (font (size 1 1) (thickness 0.15)))
    )
    (fp_text value SI2302 (at 0 2.5) (layer F.Fab)
      (effects (font (size 1 1) (thickness 0.15)))
    )
    (fp_line (start 0.76 1.58) (end -0.7 1.58) (layer F.SilkS) (width 0.12))
    (fp_line (start 0.76 -1.58) (end -1.4 -1.58) (layer F.SilkS) (width 0.12))
    (fp_line (start -1.7 1.75) (end -1.7 -1.75) (layer F.CrtYd) (width 0.05))
    (fp_line (start 1.7 1.75) (end -1.7 1.75) (layer F.CrtYd) (width 0.05))
    (fp_line (start 1.7 -1.75) (end 1.7 1.75) (layer F.CrtYd) (width 0.05))
    (fp_line (start -1.7 -1.75) (end 1.7 -1.75) (layer F.CrtYd) (width 0.05))
    (fp_line (start 0.76 -1.58) (end 0.76 -0.65) (layer F.SilkS) (width 0.12))
    (fp_line (start 0.76 1.58) (end 0.76 0.65) (layer F.SilkS) (width 0.12))
    (fp_line (start -0.7 1.52) (end 0.7 1.52) (layer F.Fab) (width 0.1))
    (fp_line (start 0.7 -1.52) (end 0.7 1.52) (layer F.Fab) (width 0.1))
    (fp_line (start -0.7 -0.95) (end -0.15 -1.52) (layer F.Fab) (width 0.1))
    (fp_line (start -0.15 -1.52) (end 0.7 -1.52) (layer F.Fab) (width 0.1))
    (fp_line (start -0.7 -0.95) (end -0.7 1.5) (layer F.Fab) (width 0.1))
    (fp_text user %R (at 0 0 90) (layer F.Fab)
      (effects (font (size 0.5 0.5) (thickness 0.075)))
    )
    (pad 3 smd rect (at 1 0) (size 0.9 0.8) (layers F.Cu F.Paste F.Mask)
      (net 3 "Net-(D3-Pad1)"))
    (pad 2 smd rect (at -1 0.95) (size 0.9 0.8) (layers F.Cu F.Paste F.Mask)
      (net 1 GND))
    (pad 1 smd rect (at -1 -0.95) (size 0.9 0.8) (layers F.Cu F.Paste F.Mask)
      (net 19 /IR_LED_EN))
    (model ${KISYS3DMOD}/Package_TO_SOT_SMD.3dshapes/SOT-23.wrl
      (at (xyz 0 0 0))
      (scale (xyz 1 1 1))
      (rotate (xyz 0 0 0))
    )
  )

  (module Package_TO_SOT_SMD:SOT-23 (layer F.Cu) (tedit 5A02FF57) (tstamp 5CACE158)
    (at 17.2 31.3 90)
    (descr "SOT-23, Standard")
    (tags SOT-23)
    (path /5C63BFE8/5CAF4404)
    (attr smd)
    (fp_text reference Q5 (at 0.3 2.3 270) (layer F.SilkS)
      (effects (font (size 1 1) (thickness 0.15)))
    )
    (fp_text value SI2302 (at 0 2.5 90) (layer F.Fab)
      (effects (font (size 1 1) (thickness 0.15)))
    )
    (fp_text user %R (at 0 0 180) (layer F.Fab)
      (effects (font (size 0.5 0.5) (thickness 0.075)))
    )
    (fp_line (start -0.7 -0.95) (end -0.7 1.5) (layer F.Fab) (width 0.1))
    (fp_line (start -0.15 -1.52) (end 0.7 -1.52) (layer F.Fab) (width 0.1))
    (fp_line (start -0.7 -0.95) (end -0.15 -1.52) (layer F.Fab) (width 0.1))
    (fp_line (start 0.7 -1.52) (end 0.7 1.52) (layer F.Fab) (width 0.1))
    (fp_line (start -0.7 1.52) (end 0.7 1.52) (layer F.Fab) (width 0.1))
    (fp_line (start 0.76 1.58) (end 0.76 0.65) (layer F.SilkS) (width 0.12))
    (fp_line (start 0.76 -1.58) (end 0.76 -0.65) (layer F.SilkS) (width 0.12))
    (fp_line (start -1.7 -1.75) (end 1.7 -1.75) (layer F.CrtYd) (width 0.05))
    (fp_line (start 1.7 -1.75) (end 1.7 1.75) (layer F.CrtYd) (width 0.05))
    (fp_line (start 1.7 1.75) (end -1.7 1.75) (layer F.CrtYd) (width 0.05))
    (fp_line (start -1.7 1.75) (end -1.7 -1.75) (layer F.CrtYd) (width 0.05))
    (fp_line (start 0.76 -1.58) (end -1.4 -1.58) (layer F.SilkS) (width 0.12))
    (fp_line (start 0.76 1.58) (end -0.7 1.58) (layer F.SilkS) (width 0.12))
    (pad 1 smd rect (at -1 -0.95 90) (size 0.9 0.8) (layers F.Cu F.Paste F.Mask)
      (net 20 /PWR1))
    (pad 2 smd rect (at -1 0.95 90) (size 0.9 0.8) (layers F.Cu F.Paste F.Mask)
      (net 1 GND))
    (pad 3 smd rect (at 1 0 90) (size 0.9 0.8) (layers F.Cu F.Paste F.Mask)
      (net 21 "Net-(Q5-Pad3)"))
    (model ${KISYS3DMOD}/Package_TO_SOT_SMD.3dshapes/SOT-23.wrl
      (at (xyz 0 0 0))
      (scale (xyz 1 1 1))
      (rotate (xyz 0 0 0))
    )
  )

  (module Package_TO_SOT_SMD:SOT-23 (layer F.Cu) (tedit 5A02FF57) (tstamp 5CACE16D)
    (at 13.4 31.3 90)
    (descr "SOT-23, Standard")
    (tags SOT-23)
    (path /5C63BFE8/5CAF8415)
    (attr smd)
    (fp_text reference Q6 (at -0.2 -2.3 270) (layer F.SilkS)
      (effects (font (size 1 1) (thickness 0.15)))
    )
    (fp_text value SI2302 (at 0 2.5 90) (layer F.Fab)
      (effects (font (size 1 1) (thickness 0.15)))
    )
    (fp_line (start 0.76 1.58) (end -0.7 1.58) (layer F.SilkS) (width 0.12))
    (fp_line (start 0.76 -1.58) (end -1.4 -1.58) (layer F.SilkS) (width 0.12))
    (fp_line (start -1.7 1.75) (end -1.7 -1.75) (layer F.CrtYd) (width 0.05))
    (fp_line (start 1.7 1.75) (end -1.7 1.75) (layer F.CrtYd) (width 0.05))
    (fp_line (start 1.7 -1.75) (end 1.7 1.75) (layer F.CrtYd) (width 0.05))
    (fp_line (start -1.7 -1.75) (end 1.7 -1.75) (layer F.CrtYd) (width 0.05))
    (fp_line (start 0.76 -1.58) (end 0.76 -0.65) (layer F.SilkS) (width 0.12))
    (fp_line (start 0.76 1.58) (end 0.76 0.65) (layer F.SilkS) (width 0.12))
    (fp_line (start -0.7 1.52) (end 0.7 1.52) (layer F.Fab) (width 0.1))
    (fp_line (start 0.7 -1.52) (end 0.7 1.52) (layer F.Fab) (width 0.1))
    (fp_line (start -0.7 -0.95) (end -0.15 -1.52) (layer F.Fab) (width 0.1))
    (fp_line (start -0.15 -1.52) (end 0.7 -1.52) (layer F.Fab) (width 0.1))
    (fp_line (start -0.7 -0.95) (end -0.7 1.5) (layer F.Fab) (width 0.1))
    (fp_text user %R (at 0 0 180) (layer F.Fab)
      (effects (font (size 0.5 0.5) (thickness 0.075)))
    )
    (pad 3 smd rect (at 1 0 90) (size 0.9 0.8) (layers F.Cu F.Paste F.Mask)
      (net 22 "Net-(Q6-Pad3)"))
    (pad 2 smd rect (at -1 0.95 90) (size 0.9 0.8) (layers F.Cu F.Paste F.Mask)
      (net 1 GND))
    (pad 1 smd rect (at -1 -0.95 90) (size 0.9 0.8) (layers F.Cu F.Paste F.Mask)
      (net 23 /PWR2))
    (model ${KISYS3DMOD}/Package_TO_SOT_SMD.3dshapes/SOT-23.wrl
      (at (xyz 0 0 0))
      (scale (xyz 1 1 1))
      (rotate (xyz 0 0 0))
    )
  )

  (module senseBe_rev3:Measurement_Point_Round-SMD-Pad_Small (layer F.Cu) (tedit 56C35ED0) (tstamp 5CACE173)
    (at 12.5 17.5)
    (descr "Mesurement Point, Round, SMD Pad, DM 1.5mm,")
    (tags "Mesurement Point Round SMD Pad 1.5mm")
    (path /5C63BFE8/5CB2942D)
    (attr virtual)
    (fp_text reference TP1 (at -1.25 0 90) (layer F.SilkS)
      (effects (font (size 0.75 0.75) (thickness 0.15)))
    )
    (fp_text value FB_TP (at 0 2) (layer F.Fab)
      (effects (font (size 0.75 0.75) (thickness 0.15)))
    )
    (fp_circle (center 0 0) (end 1 0) (layer F.CrtYd) (width 0.05))
    (pad 1 smd circle (at 0 0) (size 1.5 1.5) (layers F.Cu F.Mask)
      (net 24 "Net-(C9-Pad2)"))
  )

  (module senseBe_rev3:Measurement_Point_Round-SMD-Pad_Small (layer B.Cu) (tedit 56C35ED0) (tstamp 5CACE179)
    (at 44 53.5)
    (descr "Mesurement Point, Round, SMD Pad, DM 1.5mm,")
    (tags "Mesurement Point Round SMD Pad 1.5mm")
    (path /5CB09688)
    (attr virtual)
    (fp_text reference TP2 (at 0 -1.5) (layer B.SilkS)
      (effects (font (size 0.75 0.75) (thickness 0.15)) (justify mirror))
    )
    (fp_text value TestPoint (at 0 -2) (layer B.Fab)
      (effects (font (size 0.75 0.75) (thickness 0.15)) (justify mirror))
    )
    (fp_circle (center 0 0) (end 1 0) (layer B.CrtYd) (width 0.05))
    (pad 1 smd circle (at 0 0) (size 1.5 1.5) (layers B.Cu B.Mask)
      (net 25 /GPIO1))
  )

  (module senseBe_rev3:Measurement_Point_Round-SMD-Pad_Small (layer B.Cu) (tedit 56C35ED0) (tstamp 5CADFFCF)
    (at 41 53.5)
    (descr "Mesurement Point, Round, SMD Pad, DM 1.5mm,")
    (tags "Mesurement Point Round SMD Pad 1.5mm")
    (path /5CB08576)
    (attr virtual)
    (fp_text reference TP3 (at 0 -1.65) (layer B.SilkS)
      (effects (font (size 0.75 0.75) (thickness 0.15)) (justify mirror))
    )
    (fp_text value TestPoint (at 0 -2) (layer B.Fab)
      (effects (font (size 0.75 0.75) (thickness 0.15)) (justify mirror))
    )
    (fp_circle (center 0 0) (end 1 0) (layer B.CrtYd) (width 0.05))
    (pad 1 smd circle (at 0 0) (size 1.5 1.5) (layers B.Cu B.Mask)
      (net 26 /GPIO2))
  )

  (module senseBe_rev3:C_0603_HandSoldering (layer F.Cu) (tedit 58AA848B) (tstamp 5CACE9AD)
    (at 45 34 270)
    (descr "Capacitor SMD 0603, hand soldering")
    (tags "capacitor 0603")
    (path /5A8BC51E)
    (attr smd)
    (fp_text reference C1 (at -2.9 -0.02 270) (layer F.SilkS)
      (effects (font (size 0.75 0.75) (thickness 0.15)))
    )
    (fp_text value 1uF (at 0 1.5 270) (layer F.Fab)
      (effects (font (size 0.75 0.75) (thickness 0.15)))
    )
    (fp_line (start 1.8 0.65) (end -1.8 0.65) (layer F.CrtYd) (width 0.05))
    (fp_line (start 1.8 0.65) (end 1.8 -0.65) (layer F.CrtYd) (width 0.05))
    (fp_line (start -1.8 -0.65) (end -1.8 0.65) (layer F.CrtYd) (width 0.05))
    (fp_line (start -1.8 -0.65) (end 1.8 -0.65) (layer F.CrtYd) (width 0.05))
    (fp_line (start 0.35 0.6) (end -0.35 0.6) (layer F.SilkS) (width 0.12))
    (fp_line (start -0.35 -0.6) (end 0.35 -0.6) (layer F.SilkS) (width 0.12))
    (fp_line (start -0.8 -0.4) (end 0.8 -0.4) (layer F.Fab) (width 0.1))
    (fp_line (start 0.8 -0.4) (end 0.8 0.4) (layer F.Fab) (width 0.1))
    (fp_line (start 0.8 0.4) (end -0.8 0.4) (layer F.Fab) (width 0.1))
    (fp_line (start -0.8 0.4) (end -0.8 -0.4) (layer F.Fab) (width 0.1))
    (fp_text user %R (at 0 -1.25 270) (layer F.Fab)
      (effects (font (size 1 1) (thickness 0.15)))
    )
    (pad 2 smd rect (at 0.95 0 270) (size 1.2 0.75) (layers F.Cu F.Paste F.Mask)
      (net 29 /DEC4))
    (pad 1 smd rect (at -0.95 0 270) (size 1.2 0.75) (layers F.Cu F.Paste F.Mask)
      (net 1 GND))
    (model Capacitors_SMD.3dshapes/C_0603.wrl
      (at (xyz 0 0 0))
      (scale (xyz 1 1 1))
      (rotate (xyz 0 0 0))
    )
  )

  (module senseBe_rev3:C_0603_HandSoldering (layer F.Cu) (tedit 58AA848B) (tstamp 5CADDC0A)
    (at 33.5 41.5 180)
    (descr "Capacitor SMD 0603, hand soldering")
    (tags "capacitor 0603")
    (path /5A8BC0B2)
    (attr smd)
    (fp_text reference C2 (at -2.5 0 270) (layer F.SilkS)
      (effects (font (size 0.75 0.75) (thickness 0.15)))
    )
    (fp_text value 8pF (at 0 1.5 180) (layer F.Fab)
      (effects (font (size 0.75 0.75) (thickness 0.15)))
    )
    (fp_text user %R (at 0 -1.25 180) (layer F.Fab)
      (effects (font (size 1 1) (thickness 0.15)))
    )
    (fp_line (start -0.8 0.4) (end -0.8 -0.4) (layer F.Fab) (width 0.1))
    (fp_line (start 0.8 0.4) (end -0.8 0.4) (layer F.Fab) (width 0.1))
    (fp_line (start 0.8 -0.4) (end 0.8 0.4) (layer F.Fab) (width 0.1))
    (fp_line (start -0.8 -0.4) (end 0.8 -0.4) (layer F.Fab) (width 0.1))
    (fp_line (start -0.35 -0.6) (end 0.35 -0.6) (layer F.SilkS) (width 0.12))
    (fp_line (start 0.35 0.6) (end -0.35 0.6) (layer F.SilkS) (width 0.12))
    (fp_line (start -1.8 -0.65) (end 1.8 -0.65) (layer F.CrtYd) (width 0.05))
    (fp_line (start -1.8 -0.65) (end -1.8 0.65) (layer F.CrtYd) (width 0.05))
    (fp_line (start 1.8 0.65) (end 1.8 -0.65) (layer F.CrtYd) (width 0.05))
    (fp_line (start 1.8 0.65) (end -1.8 0.65) (layer F.CrtYd) (width 0.05))
    (pad 1 smd rect (at -0.95 0 180) (size 1.2 0.75) (layers F.Cu F.Paste F.Mask)
      (net 1 GND))
    (pad 2 smd rect (at 0.95 0 180) (size 1.2 0.75) (layers F.Cu F.Paste F.Mask)
      (net 28 /LFCLK_XL2))
    (model Capacitors_SMD.3dshapes/C_0603.wrl
      (at (xyz 0 0 0))
      (scale (xyz 1 1 1))
      (rotate (xyz 0 0 0))
    )
  )

  (module senseBe_rev3:C_0603_HandSoldering (layer F.Cu) (tedit 58AA848B) (tstamp 5CADE87B)
    (at 34.75 38 180)
    (descr "Capacitor SMD 0603, hand soldering")
    (tags "capacitor 0603")
    (path /5A8BBEF5)
    (attr smd)
    (fp_text reference C3 (at -2.5 0 180) (layer F.SilkS)
      (effects (font (size 0.75 0.75) (thickness 0.15)))
    )
    (fp_text value 8pF (at 0 1.5 180) (layer F.Fab)
      (effects (font (size 0.75 0.75) (thickness 0.15)))
    )
    (fp_line (start 1.8 0.65) (end -1.8 0.65) (layer F.CrtYd) (width 0.05))
    (fp_line (start 1.8 0.65) (end 1.8 -0.65) (layer F.CrtYd) (width 0.05))
    (fp_line (start -1.8 -0.65) (end -1.8 0.65) (layer F.CrtYd) (width 0.05))
    (fp_line (start -1.8 -0.65) (end 1.8 -0.65) (layer F.CrtYd) (width 0.05))
    (fp_line (start 0.35 0.6) (end -0.35 0.6) (layer F.SilkS) (width 0.12))
    (fp_line (start -0.35 -0.6) (end 0.35 -0.6) (layer F.SilkS) (width 0.12))
    (fp_line (start -0.8 -0.4) (end 0.8 -0.4) (layer F.Fab) (width 0.1))
    (fp_line (start 0.8 -0.4) (end 0.8 0.4) (layer F.Fab) (width 0.1))
    (fp_line (start 0.8 0.4) (end -0.8 0.4) (layer F.Fab) (width 0.1))
    (fp_line (start -0.8 0.4) (end -0.8 -0.4) (layer F.Fab) (width 0.1))
    (fp_text user %R (at 0 -1.25 180) (layer F.Fab)
      (effects (font (size 1 1) (thickness 0.15)))
    )
    (pad 2 smd rect (at 0.95 0 180) (size 1.2 0.75) (layers F.Cu F.Paste F.Mask)
      (net 27 /LFCLK_XL1))
    (pad 1 smd rect (at -0.95 0 180) (size 1.2 0.75) (layers F.Cu F.Paste F.Mask)
      (net 1 GND))
    (model Capacitors_SMD.3dshapes/C_0603.wrl
      (at (xyz 0 0 0))
      (scale (xyz 1 1 1))
      (rotate (xyz 0 0 0))
    )
  )

  (module senseBe_rev3:C_0603_HandSoldering (layer F.Cu) (tedit 58AA848B) (tstamp 5CACE9E0)
    (at 37 34 270)
    (descr "Capacitor SMD 0603, hand soldering")
    (tags "capacitor 0603")
    (path /5A8BC1C2)
    (attr smd)
    (fp_text reference C4 (at -2.9 -0.02 270) (layer F.SilkS)
      (effects (font (size 0.75 0.75) (thickness 0.15)))
    )
    (fp_text value 1uF (at 0 1.5 270) (layer F.Fab)
      (effects (font (size 0.75 0.75) (thickness 0.15)))
    )
    (fp_line (start 1.8 0.65) (end -1.8 0.65) (layer F.CrtYd) (width 0.05))
    (fp_line (start 1.8 0.65) (end 1.8 -0.65) (layer F.CrtYd) (width 0.05))
    (fp_line (start -1.8 -0.65) (end -1.8 0.65) (layer F.CrtYd) (width 0.05))
    (fp_line (start -1.8 -0.65) (end 1.8 -0.65) (layer F.CrtYd) (width 0.05))
    (fp_line (start 0.35 0.6) (end -0.35 0.6) (layer F.SilkS) (width 0.12))
    (fp_line (start -0.35 -0.6) (end 0.35 -0.6) (layer F.SilkS) (width 0.12))
    (fp_line (start -0.8 -0.4) (end 0.8 -0.4) (layer F.Fab) (width 0.1))
    (fp_line (start 0.8 -0.4) (end 0.8 0.4) (layer F.Fab) (width 0.1))
    (fp_line (start 0.8 0.4) (end -0.8 0.4) (layer F.Fab) (width 0.1))
    (fp_line (start -0.8 0.4) (end -0.8 -0.4) (layer F.Fab) (width 0.1))
    (fp_text user %R (at 0 -1.25 270) (layer F.Fab)
      (effects (font (size 1 1) (thickness 0.15)))
    )
    (pad 2 smd rect (at 0.95 0 270) (size 1.2 0.75) (layers F.Cu F.Paste F.Mask)
      (net 5 VDD))
