(kicad_pcb (version 20171130) (host pcbnew "(5.1.0)-1")

  (general
    (thickness 1.6)
    (drawings 8)
    (tracks 218)
    (zones 0)
    (modules 38)
    (nets 46)
  )

  (page A4)
  (layers
    (0 F.Cu signal)
    (31 B.Cu signal)
    (32 B.Adhes user)
    (33 F.Adhes user)
    (34 B.Paste user)
    (35 F.Paste user)
    (36 B.SilkS user)
    (37 F.SilkS user)
    (38 B.Mask user)
    (39 F.Mask user)
    (40 Dwgs.User user)
    (41 Cmts.User user)
    (42 Eco1.User user)
    (43 Eco2.User user)
    (44 Edge.Cuts user)
    (45 Margin user)
    (46 B.CrtYd user)
    (47 F.CrtYd user)
    (48 B.Fab user)
    (49 F.Fab user hide)
  )

  (setup
    (last_trace_width 0.25)
    (trace_clearance 0.2)
    (zone_clearance 0.508)
    (zone_45_only no)
    (trace_min 0.2)
    (via_size 0.8)
    (via_drill 0.4)
    (via_min_size 0.4)
    (via_min_drill 0.3)
    (uvia_size 0.3)
    (uvia_drill 0.1)
    (uvias_allowed no)
    (uvia_min_size 0.2)
    (uvia_min_drill 0.1)
    (edge_width 0.05)
    (segment_width 0.2)
    (pcb_text_width 0.3)
    (pcb_text_size 1.5 1.5)
    (mod_edge_width 0.12)
    (mod_text_size 1 1)
    (mod_text_width 0.15)
    (pad_size 1.524 1.524)
    (pad_drill 0.762)
    (pad_to_mask_clearance 0.051)
    (solder_mask_min_width 0.25)
    (aux_axis_origin 0 0)
    (grid_origin 16.5 49.7)
    (visible_elements 7FFFFFFF)
    (pcbplotparams
      (layerselection 0x010fc_ffffffff)
      (usegerberextensions false)
      (usegerberattributes false)
      (usegerberadvancedattributes false)
      (creategerberjobfile false)
      (excludeedgelayer true)
      (linewidth 0.100000)
      (plotframeref false)
      (viasonmask false)
      (mode 1)
      (useauxorigin false)
      (hpglpennumber 1)
      (hpglpenspeed 20)
      (hpglpendiameter 15.000000)
      (psnegative false)
      (psa4output false)
      (plotreference true)
      (plotvalue true)
      (plotinvisibletext false)
      (padsonsilk false)
      (subtractmaskfromsilk false)
      (outputformat 1)
      (mirror false)
      (drillshape 1)
      (scaleselection 1)
      (outputdirectory ""))
  )

  (net 0 "")
  (net 1 GND)
  (net 2 "Net-(BT1-Pad1)")
  (net 3 "Net-(C1-Pad2)")
  (net 4 "Net-(C1-Pad1)")
  (net 5 "Net-(C2-Pad1)")
  (net 6 "Net-(C2-Pad2)")
  (net 7 "Net-(C3-Pad1)")
  (net 8 "Net-(C4-Pad1)")
  (net 9 "Net-(C5-Pad1)")
  (net 10 "Net-(C5-Pad2)")
  (net 11 "Net-(C6-Pad1)")
  (net 12 "Net-(C6-Pad2)")
  (net 13 "Net-(C7-Pad1)")
  (net 14 "Net-(C8-Pad1)")
  (net 15 /PWM1)
  (net 16 /PWM2)
  (net 17 /PWM3)
  (net 18 /PWM4)
  (net 19 /EN)
  (net 20 /PWM)
  (net 21 /EN4)
  (net 22 /EN3)
  (net 23 /EN2)
  (net 24 /EN1)
  (net 25 VCC)
  (net 26 "Net-(J4-Pad1)")
  (net 27 "Net-(J5-Pad1)")
  (net 28 /DISC1)
  (net 29 /DISC2)
  (net 30 /DISC3)
  (net 31 /DISC4)
  (net 32 "Net-(J7-Pad1)")
  (net 33 "Net-(J7-Pad2)")
  (net 34 "Net-(J8-Pad1)")
  (net 35 "Net-(J8-Pad2)")
  (net 36 "Net-(J9-Pad1)")
  (net 37 "Net-(J10-Pad1)")
  (net 38 "Net-(J11-Pad1)")
  (net 39 "Net-(J11-Pad2)")
  (net 40 "Net-(J12-Pad1)")
  (net 41 "Net-(J12-Pad2)")
  (net 42 "Net-(U1-Pad4)")
  (net 43 "Net-(U2-Pad4)")
  (net 44 "Net-(U3-Pad4)")
  (net 45 "Net-(U4-Pad4)")

  (net_class Default "This is the default net class."
    (clearance 0.2)
    (trace_width 0.25)
    (via_dia 0.8)
    (via_drill 0.4)
    (uvia_dia 0.3)
    (uvia_drill 0.1)
    (add_net /DISC1)
    (add_net /DISC2)
    (add_net /DISC3)
    (add_net /DISC4)
    (add_net /EN)
    (add_net /EN1)
    (add_net /EN2)
    (add_net /EN3)
    (add_net /EN4)
    (add_net /PWM)
    (add_net /PWM1)
    (add_net /PWM2)
    (add_net /PWM3)
    (add_net /PWM4)
    (add_net GND)
    (add_net "Net-(BT1-Pad1)")
    (add_net "Net-(C1-Pad1)")
    (add_net "Net-(C1-Pad2)")
    (add_net "Net-(C2-Pad1)")
    (add_net "Net-(C2-Pad2)")
    (add_net "Net-(C3-Pad1)")
    (add_net "Net-(C4-Pad1)")
    (add_net "Net-(C5-Pad1)")
    (add_net "Net-(C5-Pad2)")
    (add_net "Net-(C6-Pad1)")
    (add_net "Net-(C6-Pad2)")
    (add_net "Net-(C7-Pad1)")
    (add_net "Net-(C8-Pad1)")
    (add_net "Net-(J10-Pad1)")
    (add_net "Net-(J11-Pad1)")
    (add_net "Net-(J11-Pad2)")
    (add_net "Net-(J12-Pad1)")
    (add_net "Net-(J12-Pad2)")
    (add_net "Net-(J4-Pad1)")
    (add_net "Net-(J5-Pad1)")
    (add_net "Net-(J7-Pad1)")
    (add_net "Net-(J7-Pad2)")
    (add_net "Net-(J8-Pad1)")
    (add_net "Net-(J8-Pad2)")
    (add_net "Net-(J9-Pad1)")
    (add_net "Net-(U1-Pad4)")
    (add_net "Net-(U2-Pad4)")
    (add_net "Net-(U3-Pad4)")
    (add_net "Net-(U4-Pad4)")
    (add_net VCC)
  )

  (module sense:STCS2A_PowerSO-10 (layer F.Cu) (tedit 5D514C0B) (tstamp 5D5180FF)
    (at 54 63)
    (path /5D55726A)
    (fp_text reference U4 (at 0 -5.6) (layer F.SilkS)
      (effects (font (size 1 1) (thickness 0.15)))
    )
    (fp_text value STCS2A (at 0 -7) (layer F.Fab)
      (effects (font (size 1 1) (thickness 0.15)))
    )
    (fp_line (start 5.5 5) (end -5.5 5) (layer F.SilkS) (width 0.12))
    (fp_line (start 5.5 -5) (end 5.5 5) (layer F.SilkS) (width 0.12))
    (fp_line (start -5.5 -5) (end 5.5 -5) (layer F.SilkS) (width 0.12))
    (fp_line (start -5.5 5) (end -5.5 -5) (layer F.SilkS) (width 0.12))
    (pad "" smd rect (at 0 0) (size 7.6 9.6) (layers F.Cu F.Paste F.Mask))
    (pad 10 smd rect (at 7.1 -2.54) (size 2.45 0.5) (layers F.Cu F.Paste F.Mask)
      (net 31 /DISC4))
    (pad 9 smd rect (at 7.1 -1.27) (size 2.45 0.5) (layers F.Cu F.Paste F.Mask)
      (net 14 "Net-(C8-Pad1)"))
    (pad 8 smd rect (at 7.1 0) (size 2.45 0.5) (layers F.Cu F.Paste F.Mask)
      (net 1 GND))
    (pad 7 smd rect (at 7.1 1.27) (size 2.45 0.5) (layers F.Cu F.Paste F.Mask)
      (net 40 "Net-(J12-Pad1)"))
    (pad 6 smd rect (at 7.1 2.54) (size 2.45 0.5) (layers F.Cu F.Paste F.Mask)
      (net 41 "Net-(J12-Pad2)"))
    (pad 5 smd rect (at -7.1 2.54) (size 2.45 0.5) (layers F.Cu F.Paste F.Mask)
      (net 37 "Net-(J10-Pad1)"))
    (pad 4 smd rect (at -7.1 1.27) (size 2.45 0.5) (layers F.Cu F.Paste F.Mask)
      (net 45 "Net-(U4-Pad4)"))
    (pad 3 smd rect (at -7.1 0) (size 2.45 0.5) (layers F.Cu F.Paste F.Mask)
      (net 21 /EN4))
    (pad 2 smd rect (at -7.1 -1.27) (size 2.45 0.5) (layers F.Cu F.Paste F.Mask)
      (net 18 /PWM4))
    (pad 1 smd rect (at -7.1 -2.54) (size 2.45 0.5) (layers F.Cu F.Paste F.Mask)
      (net 11 "Net-(C6-Pad1)"))
  )

  (module sense:STCS2A_PowerSO-10 (layer F.Cu) (tedit 5D514C0B) (tstamp 5D516692)
    (at 54 47)
    (path /5D511F1D)
    (fp_text reference U3 (at 0 -5.6) (layer F.SilkS)
      (effects (font (size 1 1) (thickness 0.15)))
    )
    (fp_text value STCS2A (at 0 -7) (layer F.Fab)
      (effects (font (size 1 1) (thickness 0.15)))
    )
    (fp_line (start 5.5 5) (end -5.5 5) (layer F.SilkS) (width 0.12))
    (fp_line (start 5.5 -5) (end 5.5 5) (layer F.SilkS) (width 0.12))
    (fp_line (start -5.5 -5) (end 5.5 -5) (layer F.SilkS) (width 0.12))
    (fp_line (start -5.5 5) (end -5.5 -5) (layer F.SilkS) (width 0.12))
    (pad "" smd rect (at 0 0) (size 7.6 9.6) (layers F.Cu F.Paste F.Mask))
    (pad 10 smd rect (at 7.1 -2.54) (size 2.45 0.5) (layers F.Cu F.Paste F.Mask)
      (net 30 /DISC3))
    (pad 9 smd rect (at 7.1 -1.27) (size 2.45 0.5) (layers F.Cu F.Paste F.Mask)
      (net 13 "Net-(C7-Pad1)"))
    (pad 8 smd rect (at 7.1 0) (size 2.45 0.5) (layers F.Cu F.Paste F.Mask)
      (net 1 GND))
    (pad 7 smd rect (at 7.1 1.27) (size 2.45 0.5) (layers F.Cu F.Paste F.Mask)
      (net 38 "Net-(J11-Pad1)"))
    (pad 6 smd rect (at 7.1 2.54) (size 2.45 0.5) (layers F.Cu F.Paste F.Mask)
      (net 39 "Net-(J11-Pad2)"))
    (pad 5 smd rect (at -7.1 2.54) (size 2.45 0.5) (layers F.Cu F.Paste F.Mask)
      (net 36 "Net-(J9-Pad1)"))
    (pad 4 smd rect (at -7.1 1.27) (size 2.45 0.5) (layers F.Cu F.Paste F.Mask)
      (net 44 "Net-(U3-Pad4)"))
    (pad 3 smd rect (at -7.1 0) (size 2.45 0.5) (layers F.Cu F.Paste F.Mask)
      (net 22 /EN3))
    (pad 2 smd rect (at -7.1 -1.27) (size 2.45 0.5) (layers F.Cu F.Paste F.Mask)
      (net 17 /PWM3))
    (pad 1 smd rect (at -7.1 -2.54) (size 2.45 0.5) (layers F.Cu F.Paste F.Mask)
      (net 9 "Net-(C5-Pad1)"))
  )

  (module sense:STCS2A_PowerSO-10 (layer F.Cu) (tedit 5D514C0B) (tstamp 5D51667F)
    (at 54 32)
    (path /5D54FE7C)
    (fp_text reference U2 (at 0 -5.6) (layer F.SilkS)
      (effects (font (size 1 1) (thickness 0.15)))
    )
    (fp_text value STCS2A (at 0 -7) (layer F.Fab)
      (effects (font (size 1 1) (thickness 0.15)))
    )
    (fp_line (start 5.5 5) (end -5.5 5) (layer F.SilkS) (width 0.12))
    (fp_line (start 5.5 -5) (end 5.5 5) (layer F.SilkS) (width 0.12))
    (fp_line (start -5.5 -5) (end 5.5 -5) (layer F.SilkS) (width 0.12))
    (fp_line (start -5.5 5) (end -5.5 -5) (layer F.SilkS) (width 0.12))
    (pad "" smd rect (at 0 0) (size 7.6 9.6) (layers F.Cu F.Paste F.Mask))
    (pad 10 smd rect (at 7.1 -2.54) (size 2.45 0.5) (layers F.Cu F.Paste F.Mask)
      (net 29 /DISC2))
    (pad 9 smd rect (at 7.1 -1.27) (size 2.45 0.5) (layers F.Cu F.Paste F.Mask)
      (net 8 "Net-(C4-Pad1)"))
    (pad 8 smd rect (at 7.1 0) (size 2.45 0.5) (layers F.Cu F.Paste F.Mask)
      (net 1 GND))
    (pad 7 smd rect (at 7.1 1.27) (size 2.45 0.5) (layers F.Cu F.Paste F.Mask)
      (net 34 "Net-(J8-Pad1)"))
    (pad 6 smd rect (at 7.1 2.54) (size 2.45 0.5) (layers F.Cu F.Paste F.Mask)
      (net 35 "Net-(J8-Pad2)"))
    (pad 5 smd rect (at -7.1 2.54) (size 2.45 0.5) (layers F.Cu F.Paste F.Mask)
      (net 27 "Net-(J5-Pad1)"))
    (pad 4 smd rect (at -7.1 1.27) (size 2.45 0.5) (layers F.Cu F.Paste F.Mask)
      (net 43 "Net-(U2-Pad4)"))
    (pad 3 smd rect (at -7.1 0) (size 2.45 0.5) (layers F.Cu F.Paste F.Mask)
      (net 23 /EN2))
    (pad 2 smd rect (at -7.1 -1.27) (size 2.45 0.5) (layers F.Cu F.Paste F.Mask)
      (net 16 /PWM2))
    (pad 1 smd rect (at -7.1 -2.54) (size 2.45 0.5) (layers F.Cu F.Paste F.Mask)
      (net 5 "Net-(C2-Pad1)"))
  )

  (module sense:STCS2A_PowerSO-10 (layer F.Cu) (tedit 5D514C0B) (tstamp 5D51DC44)
    (at 54 16)
    (path /5D548F22)
    (fp_text reference U1 (at 0 -5.6) (layer F.SilkS)
      (effects (font (size 1 1) (thickness 0.15)))
    )
    (fp_text value STCS2A (at 0 -7) (layer F.Fab)
      (effects (font (size 1 1) (thickness 0.15)))
    )
    (fp_line (start 5.5 5) (end -5.5 5) (layer F.SilkS) (width 0.12))
    (fp_line (start 5.5 -5) (end 5.5 5) (layer F.SilkS) (width 0.12))
    (fp_line (start -5.5 -5) (end 5.5 -5) (layer F.SilkS) (width 0.12))
    (fp_line (start -5.5 5) (end -5.5 -5) (layer F.SilkS) (width 0.12))
    (pad "" smd rect (at 0 0) (size 7.6 9.6) (layers F.Cu F.Paste F.Mask))
    (pad 10 smd rect (at 7.1 -2.54) (size 2.45 0.5) (layers F.Cu F.Paste F.Mask)
      (net 28 /DISC1))
    (pad 9 smd rect (at 7.1 -1.27) (size 2.45 0.5) (layers F.Cu F.Paste F.Mask)
      (net 7 "Net-(C3-Pad1)"))
    (pad 8 smd rect (at 7.1 0) (size 2.45 0.5) (layers F.Cu F.Paste F.Mask)
      (net 1 GND))
    (pad 7 smd rect (at 7.1 1.27) (size 2.45 0.5) (layers F.Cu F.Paste F.Mask)
      (net 32 "Net-(J7-Pad1)"))
    (pad 6 smd rect (at 7.1 2.54) (size 2.45 0.5) (layers F.Cu F.Paste F.Mask)
      (net 33 "Net-(J7-Pad2)"))
    (pad 5 smd rect (at -7.1 2.54) (size 2.45 0.5) (layers F.Cu F.Paste F.Mask)
      (net 26 "Net-(J4-Pad1)"))
    (pad 4 smd rect (at -7.1 1.27) (size 2.45 0.5) (layers F.Cu F.Paste F.Mask)
      (net 42 "Net-(U1-Pad4)"))
    (pad 3 smd rect (at -7.1 0) (size 2.45 0.5) (layers F.Cu F.Paste F.Mask)
      (net 24 /EN1))
    (pad 2 smd rect (at -7.1 -1.27) (size 2.45 0.5) (layers F.Cu F.Paste F.Mask)
      (net 15 /PWM1))
    (pad 1 smd rect (at -7.1 -2.54) (size 2.45 0.5) (layers F.Cu F.Paste F.Mask)
      (net 4 "Net-(C1-Pad1)"))
  )

  (module TerminalBlock:TerminalBlock_Altech_AK300-2_P5.00mm (layer F.Cu) (tedit 59FF0306) (tstamp 5D51614D)
    (at 16.5 19 90)
    (descr "Altech AK300 terminal block, pitch 5.0mm, 45 degree angled, see http://www.mouser.com/ds/2/16/PCBMETRC-24178.pdf")
    (tags "Altech AK300 terminal block pitch 5.0mm")
    (path /5D511C30)
    (fp_text reference BT1 (at -3.8 8.2 180) (layer F.SilkS)
      (effects (font (size 1 1) (thickness 0.15)))
    )
    (fp_text value Battery_Cell (at 2.78 7.75 90) (layer F.Fab)
      (effects (font (size 1 1) (thickness 0.15)))
    )
    (fp_arc (start -1.13 -4.65) (end -1.42 -4.13) (angle 104.2) (layer F.Fab) (width 0.1))
    (fp_arc (start -0.01 -3.71) (end -1.62 -5) (angle 100) (layer F.Fab) (width 0.1))
    (fp_arc (start 0.06 -6.07) (end 1.53 -4.12) (angle 75.5) (layer F.Fab) (width 0.1))
    (fp_arc (start 1.03 -4.59) (end 1.53 -5.05) (angle 90.5) (layer F.Fab) (width 0.1))
    (fp_arc (start 3.87 -4.65) (end 3.58 -4.13) (angle 104.2) (layer F.Fab) (width 0.1))
    (fp_arc (start 4.99 -3.71) (end 3.39 -5) (angle 100) (layer F.Fab) (width 0.1))
    (fp_arc (start 5.07 -6.07) (end 6.53 -4.12) (angle 75.5) (layer F.Fab) (width 0.1))
    (fp_arc (start 6.03 -4.59) (end 6.54 -5.05) (angle 90.5) (layer F.Fab) (width 0.1))
    (fp_line (start 8.36 6.47) (end -2.83 6.47) (layer F.CrtYd) (width 0.05))
    (fp_line (start 8.36 6.47) (end 8.36 -6.47) (layer F.CrtYd) (width 0.05))
    (fp_line (start -2.83 -6.47) (end -2.83 6.47) (layer F.CrtYd) (width 0.05))
    (fp_line (start -2.83 -6.47) (end 8.36 -6.47) (layer F.CrtYd) (width 0.05))
    (fp_line (start 3.36 -0.25) (end 6.67 -0.25) (layer F.Fab) (width 0.1))
    (fp_line (start 2.98 -0.25) (end 3.36 -0.25) (layer F.Fab) (width 0.1))
    (fp_line (start 7.05 -0.25) (end 6.67 -0.25) (layer F.Fab) (width 0.1))
    (fp_line (start 6.67 -0.64) (end 3.36 -0.64) (layer F.Fab) (width 0.1))
    (fp_line (start 7.61 -0.64) (end 6.67 -0.64) (layer F.Fab) (width 0.1))
    (fp_line (start 1.66 -0.64) (end 3.36 -0.64) (layer F.Fab) (width 0.1))
    (fp_line (start -1.64 -0.64) (end 1.66 -0.64) (layer F.Fab) (width 0.1))
    (fp_line (start -2.58 -0.64) (end -1.64 -0.64) (layer F.Fab) (width 0.1))
    (fp_line (start 1.66 -0.25) (end -1.64 -0.25) (layer F.Fab) (width 0.1))
    (fp_line (start 2.04 -0.25) (end 1.66 -0.25) (layer F.Fab) (width 0.1))
    (fp_line (start -2.02 -0.25) (end -1.64 -0.25) (layer F.Fab) (width 0.1))
    (fp_line (start -1.49 -4.32) (end 1.56 -4.95) (layer F.Fab) (width 0.1))
    (fp_line (start -1.62 -4.45) (end 1.44 -5.08) (layer F.Fab) (width 0.1))
    (fp_line (start 3.52 -4.32) (end 6.56 -4.95) (layer F.Fab) (width 0.1))
    (fp_line (start 3.39 -4.45) (end 6.44 -5.08) (layer F.Fab) (width 0.1))
    (fp_line (start 2.04 -5.97) (end -2.02 -5.97) (layer F.Fab) (width 0.1))
    (fp_line (start -2.02 -3.43) (end -2.02 -5.97) (layer F.Fab) (width 0.1))
    (fp_line (start 2.04 -3.43) (end -2.02 -3.43) (layer F.Fab) (width 0.1))
    (fp_line (start 2.04 -3.43) (end 2.04 -5.97) (layer F.Fab) (width 0.1))
    (fp_line (start 7.05 -3.43) (end 2.98 -3.43) (layer F.Fab) (width 0.1))
    (fp_line (start 7.05 -5.97) (end 7.05 -3.43) (layer F.Fab) (width 0.1))
    (fp_line (start 2.98 -5.97) (end 7.05 -5.97) (layer F.Fab) (width 0.1))
    (fp_line (start 2.98 -3.43) (end 2.98 -5.97) (layer F.Fab) (width 0.1))
    (fp_line (start 7.61 -3.17) (end 7.61 -1.65) (layer F.Fab) (width 0.1))
    (fp_line (start -2.58 -3.17) (end -2.58 -6.22) (layer F.Fab) (width 0.1))
    (fp_line (start -2.58 -3.17) (end 7.61 -3.17) (layer F.Fab) (width 0.1))
    (fp_line (start 7.61 -0.64) (end 7.61 4.06) (layer F.Fab) (width 0.1))
    (fp_line (start 7.61 -1.65) (end 7.61 -0.64) (layer F.Fab) (width 0.1))
    (fp_line (start -2.58 -0.64) (end -2.58 -3.17) (layer F.Fab) (width 0.1))
    (fp_line (start -2.58 6.22) (end -2.58 -0.64) (layer F.Fab) (width 0.1))
    (fp_line (start 6.67 0.51) (end 6.28 0.51) (layer F.Fab) (width 0.1))
    (fp_line (start 3.36 0.51) (end 3.74 0.51) (layer F.Fab) (width 0.1))
    (fp_line (start 1.66 0.51) (end 1.28 0.51) (layer F.Fab) (width 0.1))
    (fp_line (start -1.64 0.51) (end -1.26 0.51) (layer F.Fab) (width 0.1))
    (fp_line (start -1.64 3.68) (end -1.64 0.51) (layer F.Fab) (width 0.1))
    (fp_line (start 1.66 3.68) (end -1.64 3.68) (layer F.Fab) (width 0.1))
    (fp_line (start 1.66 3.68) (end 1.66 0.51) (layer F.Fab) (width 0.1))
    (fp_line (start 3.36 3.68) (end 3.36 0.51) (layer F.Fab) (width 0.1))
    (fp_line (start 6.67 3.68) (end 3.36 3.68) (layer F.Fab) (width 0.1))
    (fp_line (start 6.67 3.68) (end 6.67 0.51) (layer F.Fab) (width 0.1))
    (fp_line (start -2.02 4.32) (end -2.02 6.22) (layer F.Fab) (width 0.1))
    (fp_line (start 2.04 4.32) (end 2.04 -0.25) (layer F.Fab) (width 0.1))
    (fp_line (start 2.04 4.32) (end -2.02 4.32) (layer F.Fab) (width 0.1))
    (fp_line (start 7.05 4.32) (end 7.05 6.22) (layer F.Fab) (width 0.1))
    (fp_line (start 2.98 4.32) (end 2.98 -0.25) (layer F.Fab) (width 0.1))
    (fp_line (start 2.98 4.32) (end 7.05 4.32) (layer F.Fab) (width 0.1))
    (fp_line (start -2.02 6.22) (end 2.04 6.22) (layer F.Fab) (width 0.1))
    (fp_line (start -2.58 6.22) (end -2.02 6.22) (layer F.Fab) (width 0.1))
    (fp_line (start -2.02 -0.25) (end -2.02 4.32) (layer F.Fab) (width 0.1))
    (fp_line (start 2.04 6.22) (end 2.98 6.22) (layer F.Fab) (width 0.1))
    (fp_line (start 2.04 6.22) (end 2.04 4.32) (layer F.Fab) (width 0.1))
    (fp_line (start 7.05 6.22) (end 7.61 6.22) (layer F.Fab) (width 0.1))
    (fp_line (start 2.98 6.22) (end 7.05 6.22) (layer F.Fab) (width 0.1))
    (fp_line (start 7.05 -0.25) (end 7.05 4.32) (layer F.Fab) (width 0.1))
    (fp_line (start 2.98 6.22) (end 2.98 4.32) (layer F.Fab) (width 0.1))
    (fp_line (start 8.11 3.81) (end 8.11 5.46) (layer F.Fab) (width 0.1))
    (fp_line (start 7.61 4.06) (end 7.61 5.21) (layer F.Fab) (width 0.1))
    (fp_line (start 8.11 3.81) (end 7.61 4.06) (layer F.Fab) (width 0.1))
    (fp_line (start 7.61 5.21) (end 7.61 6.22) (layer F.Fab) (width 0.1))
    (fp_line (start 8.11 5.46) (end 7.61 5.21) (layer F.Fab) (width 0.1))
    (fp_line (start 8.11 -1.4) (end 7.61 -1.65) (layer F.Fab) (width 0.1))
    (fp_line (start 8.11 -6.22) (end 8.11 -1.4) (layer F.Fab) (width 0.1))
    (fp_line (start 7.61 -6.22) (end 8.11 -6.22) (layer F.Fab) (width 0.1))
    (fp_line (start 7.61 -6.22) (end -2.58 -6.22) (layer F.Fab) (width 0.1))
    (fp_line (start 7.61 -6.22) (end 7.61 -3.17) (layer F.Fab) (width 0.1))
    (fp_line (start 3.74 2.54) (end 3.74 -0.25) (layer F.Fab) (width 0.1))
    (fp_line (start 3.74 -0.25) (end 6.28 -0.25) (layer F.Fab) (width 0.1))
    (fp_line (start 6.28 2.54) (end 6.28 -0.25) (layer F.Fab) (width 0.1))
    (fp_line (start 3.74 2.54) (end 6.28 2.54) (layer F.Fab) (width 0.1))
    (fp_line (start -1.26 2.54) (end -1.26 -0.25) (layer F.Fab) (width 0.1))
    (fp_line (start -1.26 -0.25) (end 1.28 -0.25) (layer F.Fab) (width 0.1))
    (fp_line (start 1.28 2.54) (end 1.28 -0.25) (layer F.Fab) (width 0.1))
    (fp_line (start -1.26 2.54) (end 1.28 2.54) (layer F.Fab) (width 0.1))
    (fp_line (start 8.2 -6.3) (end -2.65 -6.3) (layer F.SilkS) (width 0.12))
    (fp_line (start 8.2 -1.2) (end 8.2 -6.3) (layer F.SilkS) (width 0.12))
    (fp_line (start 7.7 -1.5) (end 8.2 -1.2) (layer F.SilkS) (width 0.12))
    (fp_line (start 7.7 3.9) (end 7.7 -1.5) (layer F.SilkS) (width 0.12))
    (fp_line (start 8.2 3.65) (end 7.7 3.9) (layer F.SilkS) (width 0.12))
    (fp_line (start 8.2 3.7) (end 8.2 3.65) (layer F.SilkS) (width 0.12))
    (fp_line (start 8.2 5.6) (end 8.2 3.7) (layer F.SilkS) (width 0.12))
    (fp_line (start 7.7 5.35) (end 8.2 5.6) (layer F.SilkS) (width 0.12))
    (fp_line (start 7.7 6.3) (end 7.7 5.35) (layer F.SilkS) (width 0.12))
    (fp_line (start -2.65 6.3) (end 7.7 6.3) (layer F.SilkS) (width 0.12))
    (fp_line (start -2.65 -6.3) (end -2.65 6.3) (layer F.SilkS) (width 0.12))
    (fp_text user %R (at 2.5 -2 90) (layer F.Fab)
      (effects (font (size 1 1) (thickness 0.15)))
    )
    (pad 2 thru_hole oval (at 5 0 90) (size 1.98 3.96) (drill 1.32) (layers *.Cu *.Mask)
      (net 1 GND))
    (pad 1 thru_hole rect (at 0 0 90) (size 1.98 3.96) (drill 1.32) (layers *.Cu *.Mask)
      (net 2 "Net-(BT1-Pad1)"))
    (model ${KISYS3DMOD}/TerminalBlock.3dshapes/TerminalBlock_Altech_AK300-2_P5.00mm.wrl
      (at (xyz 0 0 0))
      (scale (xyz 1 1 1))
      (rotate (xyz 0 0 0))
    )
  )

  (module sense:C_0805_HandSoldering (layer F.Cu) (tedit 58AA84A8) (tstamp 5D51615E)
    (at 43 12.5 90)
    (descr "Capacitor SMD 0805, hand soldering")
    (tags "capacitor 0805")
    (path /5D548F28)
    (attr smd)
    (fp_text reference C1 (at -3.2 0 90) (layer F.SilkS)
      (effects (font (size 0.75 0.75) (thickness 0.15)))
    )
    (fp_text value 0.1uF (at 0 1.75 90) (layer F.Fab)
      (effects (font (size 0.75 0.75) (thickness 0.15)))
    )
    (fp_line (start 2.25 0.87) (end -2.25 0.87) (layer F.CrtYd) (width 0.05))
    (fp_line (start 2.25 0.87) (end 2.25 -0.88) (layer F.CrtYd) (width 0.05))
    (fp_line (start -2.25 -0.88) (end -2.25 0.87) (layer F.CrtYd) (width 0.05))
    (fp_line (start -2.25 -0.88) (end 2.25 -0.88) (layer F.CrtYd) (width 0.05))
    (fp_line (start -0.5 0.85) (end 0.5 0.85) (layer F.SilkS) (width 0.12))
    (fp_line (start 0.5 -0.85) (end -0.5 -0.85) (layer F.SilkS) (width 0.12))
    (fp_line (start -1 -0.62) (end 1 -0.62) (layer F.Fab) (width 0.1))
    (fp_line (start 1 -0.62) (end 1 0.62) (layer F.Fab) (width 0.1))
    (fp_line (start 1 0.62) (end -1 0.62) (layer F.Fab) (width 0.1))
    (fp_line (start -1 0.62) (end -1 -0.62) (layer F.Fab) (width 0.1))
    (fp_text user %R (at 0 -1.75 90) (layer F.Fab)
      (effects (font (size 1 1) (thickness 0.15)))
    )
    (pad 2 smd rect (at 1.25 0 90) (size 1.5 1.25) (layers F.Cu F.Paste F.Mask)
      (net 3 "Net-(C1-Pad2)"))
    (pad 1 smd rect (at -1.25 0 90) (size 1.5 1.25) (layers F.Cu F.Paste F.Mask)
      (net 4 "Net-(C1-Pad1)"))
    (model Capacitors_SMD.3dshapes/C_0805.wrl
      (at (xyz 0 0 0))
      (scale (xyz 1 1 1))
      (rotate (xyz 0 0 0))
    )
  )

  (module sense:C_0805_HandSoldering (layer F.Cu) (tedit 58AA84A8) (tstamp 5D51616F)
    (at 43 27 90)
    (descr "Capacitor SMD 0805, hand soldering")
    (tags "capacitor 0805")
    (path /5D54FE82)
    (attr smd)
    (fp_text reference C2 (at -3.2 0 90) (layer F.SilkS)
      (effects (font (size 0.75 0.75) (thickness 0.15)))
    )
    (fp_text value 0.1uF (at 0 1.75 90) (layer F.Fab)
      (effects (font (size 0.75 0.75) (thickness 0.15)))
    )
    (fp_text user %R (at 0 -1.75 90) (layer F.Fab)
      (effects (font (size 1 1) (thickness 0.15)))
    )
    (fp_line (start -1 0.62) (end -1 -0.62) (layer F.Fab) (width 0.1))
    (fp_line (start 1 0.62) (end -1 0.62) (layer F.Fab) (width 0.1))
    (fp_line (start 1 -0.62) (end 1 0.62) (layer F.Fab) (width 0.1))
    (fp_line (start -1 -0.62) (end 1 -0.62) (layer F.Fab) (width 0.1))
    (fp_line (start 0.5 -0.85) (end -0.5 -0.85) (layer F.SilkS) (width 0.12))
    (fp_line (start -0.5 0.85) (end 0.5 0.85) (layer F.SilkS) (width 0.12))
    (fp_line (start -2.25 -0.88) (end 2.25 -0.88) (layer F.CrtYd) (width 0.05))
    (fp_line (start -2.25 -0.88) (end -2.25 0.87) (layer F.CrtYd) (width 0.05))
    (fp_line (start 2.25 0.87) (end 2.25 -0.88) (layer F.CrtYd) (width 0.05))
    (fp_line (start 2.25 0.87) (end -2.25 0.87) (layer F.CrtYd) (width 0.05))
    (pad 1 smd rect (at -1.25 0 90) (size 1.5 1.25) (layers F.Cu F.Paste F.Mask)
      (net 5 "Net-(C2-Pad1)"))
    (pad 2 smd rect (at 1.25 0 90) (size 1.5 1.25) (layers F.Cu F.Paste F.Mask)
      (net 6 "Net-(C2-Pad2)"))
    (model Capacitors_SMD.3dshapes/C_0805.wrl
      (at (xyz 0 0 0))
      (scale (xyz 1 1 1))
      (rotate (xyz 0 0 0))
    )
  )

  (module sense:C_0805_HandSoldering (layer F.Cu) (tedit 58AA84A8) (tstamp 5D516180)
    (at 65 13 270)
    (descr "Capacitor SMD 0805, hand soldering")
    (tags "capacitor 0805")
    (path /5D548F3A)
    (attr smd)
    (fp_text reference C3 (at 3.4 0 270) (layer F.SilkS)
      (effects (font (size 0.75 0.75) (thickness 0.15)))
    )
    (fp_text value 10nF (at 0 1.75 270) (layer F.Fab)
      (effects (font (size 0.75 0.75) (thickness 0.15)))
    )
    (fp_line (start 2.25 0.87) (end -2.25 0.87) (layer F.CrtYd) (width 0.05))
    (fp_line (start 2.25 0.87) (end 2.25 -0.88) (layer F.CrtYd) (width 0.05))
    (fp_line (start -2.25 -0.88) (end -2.25 0.87) (layer F.CrtYd) (width 0.05))
    (fp_line (start -2.25 -0.88) (end 2.25 -0.88) (layer F.CrtYd) (width 0.05))
    (fp_line (start -0.5 0.85) (end 0.5 0.85) (layer F.SilkS) (width 0.12))
    (fp_line (start 0.5 -0.85) (end -0.5 -0.85) (layer F.SilkS) (width 0.12))
    (fp_line (start -1 -0.62) (end 1 -0.62) (layer F.Fab) (width 0.1))
    (fp_line (start 1 -0.62) (end 1 0.62) (layer F.Fab) (width 0.1))
    (fp_line (start 1 0.62) (end -1 0.62) (layer F.Fab) (width 0.1))
    (fp_line (start -1 0.62) (end -1 -0.62) (layer F.Fab) (width 0.1))
    (fp_text user %R (at 0 -1.75 270) (layer F.Fab)
      (effects (font (size 1 1) (thickness 0.15)))
    )
    (pad 2 smd rect (at 1.25 0 270) (size 1.5 1.25) (layers F.Cu F.Paste F.Mask)
      (net 1 GND))
    (pad 1 smd rect (at -1.25 0 270) (size 1.5 1.25) (layers F.Cu F.Paste F.Mask)
      (net 7 "Net-(C3-Pad1)"))
    (model Capacitors_SMD.3dshapes/C_0805.wrl
      (at (xyz 0 0 0))
      (scale (xyz 1 1 1))
      (rotate (xyz 0 0 0))
    )
  )

  (module sense:C_0805_HandSoldering (layer F.Cu) (tedit 58AA84A8) (tstamp 5D516191)
    (at 65 29 270)
    (descr "Capacitor SMD 0805, hand soldering")
    (tags "capacitor 0805")
    (path /5D54FE94)
    (attr smd)
    (fp_text reference C4 (at 3.2 0 270) (layer F.SilkS)
      (effects (font (size 0.75 0.75) (thickness 0.15)))
    )
    (fp_text value 10nF (at 0 1.75 270) (layer F.Fab)
      (effects (font (size 0.75 0.75) (thickness 0.15)))
    )
    (fp_text user %R (at 0 -1.75 270) (layer F.Fab)
      (effects (font (size 1 1) (thickness 0.15)))
    )
    (fp_line (start -1 0.62) (end -1 -0.62) (layer F.Fab) (width 0.1))
    (fp_line (start 1 0.62) (end -1 0.62) (layer F.Fab) (width 0.1))
    (fp_line (start 1 -0.62) (end 1 0.62) (layer F.Fab) (width 0.1))
    (fp_line (start -1 -0.62) (end 1 -0.62) (layer F.Fab) (width 0.1))
    (fp_line (start 0.5 -0.85) (end -0.5 -0.85) (layer F.SilkS) (width 0.12))
    (fp_line (start -0.5 0.85) (end 0.5 0.85) (layer F.SilkS) (width 0.12))
    (fp_line (start -2.25 -0.88) (end 2.25 -0.88) (layer F.CrtYd) (width 0.05))
    (fp_line (start -2.25 -0.88) (end -2.25 0.87) (layer F.CrtYd) (width 0.05))
    (fp_line (start 2.25 0.87) (end 2.25 -0.88) (layer F.CrtYd) (width 0.05))
    (fp_line (start 2.25 0.87) (end -2.25 0.87) (layer F.CrtYd) (width 0.05))
    (pad 1 smd rect (at -1.25 0 270) (size 1.5 1.25) (layers F.Cu F.Paste F.Mask)
      (net 8 "Net-(C4-Pad1)"))
    (pad 2 smd rect (at 1.25 0 270) (size 1.5 1.25) (layers F.Cu F.Paste F.Mask)
      (net 1 GND))
    (model Capacitors_SMD.3dshapes/C_0805.wrl
      (at (xyz 0 0 0))
      (scale (xyz 1 1 1))
      (rotate (xyz 0 0 0))
    )
  )

  (module sense:C_0805_HandSoldering (layer F.Cu) (tedit 58AA84A8) (tstamp 5D5161A2)
    (at 43 42 90)
    (descr "Capacitor SMD 0805, hand soldering")
    (tags "capacitor 0805")
    (path /5D5138C9)
    (attr smd)
    (fp_text reference C5 (at -3.2 0 90) (layer F.SilkS)
      (effects (font (size 0.75 0.75) (thickness 0.15)))
    )
    (fp_text value 0.1uF (at 0 1.75 90) (layer F.Fab)
      (effects (font (size 0.75 0.75) (thickness 0.15)))
    )
    (fp_text user %R (at 0 -1.75 90) (layer F.Fab)
      (effects (font (size 1 1) (thickness 0.15)))
    )
    (fp_line (start -1 0.62) (end -1 -0.62) (layer F.Fab) (width 0.1))
    (fp_line (start 1 0.62) (end -1 0.62) (layer F.Fab) (width 0.1))
    (fp_line (start 1 -0.62) (end 1 0.62) (layer F.Fab) (width 0.1))
    (fp_line (start -1 -0.62) (end 1 -0.62) (layer F.Fab) (width 0.1))
    (fp_line (start 0.5 -0.85) (end -0.5 -0.85) (layer F.SilkS) (width 0.12))
    (fp_line (start -0.5 0.85) (end 0.5 0.85) (layer F.SilkS) (width 0.12))
    (fp_line (start -2.25 -0.88) (end 2.25 -0.88) (layer F.CrtYd) (width 0.05))
    (fp_line (start -2.25 -0.88) (end -2.25 0.87) (layer F.CrtYd) (width 0.05))
    (fp_line (start 2.25 0.87) (end 2.25 -0.88) (layer F.CrtYd) (width 0.05))
    (fp_line (start 2.25 0.87) (end -2.25 0.87) (layer F.CrtYd) (width 0.05))
    (pad 1 smd rect (at -1.25 0 90) (size 1.5 1.25) (layers F.Cu F.Paste F.Mask)
      (net 9 "Net-(C5-Pad1)"))
    (pad 2 smd rect (at 1.25 0 90) (size 1.5 1.25) (layers F.Cu F.Paste F.Mask)
      (net 10 "Net-(C5-Pad2)"))
    (model Capacitors_SMD.3dshapes/C_0805.wrl
      (at (xyz 0 0 0))
      (scale (xyz 1 1 1))
      (rotate (xyz 0 0 0))
    )
  )

  (module sense:C_0805_HandSoldering (layer F.Cu) (tedit 58AA84A8) (tstamp 5D5161B3)
    (at 43 58 90)
    (descr "Capacitor SMD 0805, hand soldering")
    (tags "capacitor 0805")
    (path /5D557270)
    (attr smd)
    (fp_text reference C6 (at -3.2 0 90) (layer F.SilkS)
      (effects (font (size 0.75 0.75) (thickness 0.15)))
    )
    (fp_text value 0.1uF (at 0 1.75 90) (layer F.Fab)
      (effects (font (size 0.75 0.75) (thickness 0.15)))
    )
    (fp_text user %R (at 0 -1.75 90) (layer F.Fab)
      (effects (font (size 1 1) (thickness 0.15)))
    )
    (fp_line (start -1 0.62) (end -1 -0.62) (layer F.Fab) (width 0.1))
    (fp_line (start 1 0.62) (end -1 0.62) (layer F.Fab) (width 0.1))
    (fp_line (start 1 -0.62) (end 1 0.62) (layer F.Fab) (width 0.1))
    (fp_line (start -1 -0.62) (end 1 -0.62) (layer F.Fab) (width 0.1))
    (fp_line (start 0.5 -0.85) (end -0.5 -0.85) (layer F.SilkS) (width 0.12))
    (fp_line (start -0.5 0.85) (end 0.5 0.85) (layer F.SilkS) (width 0.12))
    (fp_line (start -2.25 -0.88) (end 2.25 -0.88) (layer F.CrtYd) (width 0.05))
    (fp_line (start -2.25 -0.88) (end -2.25 0.87) (layer F.CrtYd) (width 0.05))
    (fp_line (start 2.25 0.87) (end 2.25 -0.88) (layer F.CrtYd) (width 0.05))
    (fp_line (start 2.25 0.87) (end -2.25 0.87) (layer F.CrtYd) (width 0.05))
    (pad 1 smd rect (at -1.25 0 90) (size 1.5 1.25) (layers F.Cu F.Paste F.Mask)
      (net 11 "Net-(C6-Pad1)"))
    (pad 2 smd rect (at 1.25 0 90) (size 1.5 1.25) (layers F.Cu F.Paste F.Mask)
      (net 12 "Net-(C6-Pad2)"))
    (model Capacitors_SMD.3dshapes/C_0805.wrl
      (at (xyz 0 0 0))
      (scale (xyz 1 1 1))
      (rotate (xyz 0 0 0))
    )
  )

  (module sense:C_0805_HandSoldering (layer F.Cu) (tedit 58AA84A8) (tstamp 5D5161C4)
    (at 65 44 270)
    (descr "Capacitor SMD 0805, hand soldering")
    (tags "capacitor 0805")
    (path /5D523A4C)
    (attr smd)
    (fp_text reference C7 (at 3.1 0 270) (layer F.SilkS)
      (effects (font (size 0.75 0.75) (thickness 0.15)))
    )
    (fp_text value 10nF (at 0 1.75 270) (layer F.Fab)
      (effects (font (size 0.75 0.75) (thickness 0.15)))
    )
    (fp_line (start 2.25 0.87) (end -2.25 0.87) (layer F.CrtYd) (width 0.05))
    (fp_line (start 2.25 0.87) (end 2.25 -0.88) (layer F.CrtYd) (width 0.05))
    (fp_line (start -2.25 -0.88) (end -2.25 0.87) (layer F.CrtYd) (width 0.05))
    (fp_line (start -2.25 -0.88) (end 2.25 -0.88) (layer F.CrtYd) (width 0.05))
    (fp_line (start -0.5 0.85) (end 0.5 0.85) (layer F.SilkS) (width 0.12))
    (fp_line (start 0.5 -0.85) (end -0.5 -0.85) (layer F.SilkS) (width 0.12))
    (fp_line (start -1 -0.62) (end 1 -0.62) (layer F.Fab) (width 0.1))
    (fp_line (start 1 -0.62) (end 1 0.62) (layer F.Fab) (width 0.1))
    (fp_line (start 1 0.62) (end -1 0.62) (layer F.Fab) (width 0.1))
    (fp_line (start -1 0.62) (end -1 -0.62) (layer F.Fab) (width 0.1))
    (fp_text user %R (at 0 -1.75 270) (layer F.Fab)
      (effects (font (size 1 1) (thickness 0.15)))
    )
    (pad 2 smd rect (at 1.25 0 270) (size 1.5 1.25) (layers F.Cu F.Paste F.Mask)
      (net 1 GND))
    (pad 1 smd rect (at -1.25 0 270) (size 1.5 1.25) (layers F.Cu F.Paste F.Mask)
      (net 13 "Net-(C7-Pad1)"))
    (model Capacitors_SMD.3dshapes/C_0805.wrl
      (at (xyz 0 0 0))
      (scale (xyz 1 1 1))
      (rotate (xyz 0 0 0))
    )
  )

  (module sense:C_0805_HandSoldering (layer F.Cu) (tedit 58AA84A8) (tstamp 5D5161D5)
    (at 65 60 270)
    (descr "Capacitor SMD 0805, hand soldering")
    (tags "capacitor 0805")
    (path /5D557282)
    (attr smd)
    (fp_text reference C8 (at 3.1 0 270) (layer F.SilkS)
      (effects (font (size 0.75 0.75) (thickness 0.15)))
    )
    (fp_text value 10nF (at 0 1.75 270) (layer F.Fab)
      (effects (font (size 0.75 0.75) (thickness 0.15)))
    )
    (fp_line (start 2.25 0.87) (end -2.25 0.87) (layer F.CrtYd) (width 0.05))
    (fp_line (start 2.25 0.87) (end 2.25 -0.88) (layer F.CrtYd) (width 0.05))
    (fp_line (start -2.25 -0.88) (end -2.25 0.87) (layer F.CrtYd) (width 0.05))
    (fp_line (start -2.25 -0.88) (end 2.25 -0.88) (layer F.CrtYd) (width 0.05))
    (fp_line (start -0.5 0.85) (end 0.5 0.85) (layer F.SilkS) (width 0.12))
    (fp_line (start 0.5 -0.85) (end -0.5 -0.85) (layer F.SilkS) (width 0.12))
    (fp_line (start -1 -0.62) (end 1 -0.62) (layer F.Fab) (width 0.1))
    (fp_line (start 1 -0.62) (end 1 0.62) (layer F.Fab) (width 0.1))
    (fp_line (start 1 0.62) (end -1 0.62) (layer F.Fab) (width 0.1))
    (fp_line (start -1 0.62) (end -1 -0.62) (layer F.Fab) (width 0.1))
    (fp_text user %R (at 0 -1.75 270) (layer F.Fab)
      (effects (font (size 1 1) (thickness 0.15)))
    )
    (pad 2 smd rect (at 1.25 0 270) (size 1.5 1.25) (layers F.Cu F.Paste F.Mask)
      (net 1 GND))
    (pad 1 smd rect (at -1.25 0 270) (size 1.5 1.25) (layers F.Cu F.Paste F.Mask)
      (net 14 "Net-(C8-Pad1)"))
    (model Capacitors_SMD.3dshapes/C_0805.wrl
      (at (xyz 0 0 0))
      (scale (xyz 1 1 1))
      (rotate (xyz 0 0 0))
    )
  )

  (module Connector_PinHeader_2.54mm:PinHeader_1x04_P2.54mm_Vertical (layer F.Cu) (tedit 59FED5CC) (tstamp 5D5161ED)
    (at 35 24)
    (descr "Through hole straight pin header, 1x04, 2.54mm pitch, single row")
    (tags "Through hole pin header THT 1x04 2.54mm single row")
    (path /5D51BBE2)
    (fp_text reference J1 (at 0 -2.33) (layer F.SilkS)
      (effects (font (size 1 1) (thickness 0.15)))
    )
    (fp_text value Conn_01x04 (at 0 9.95) (layer F.Fab)
      (effects (font (size 1 1) (thickness 0.15)))
    )
    (fp_line (start -0.635 -1.27) (end 1.27 -1.27) (layer F.Fab) (width 0.1))
    (fp_line (start 1.27 -1.27) (end 1.27 8.89) (layer F.Fab) (width 0.1))
    (fp_line (start 1.27 8.89) (end -1.27 8.89) (layer F.Fab) (width 0.1))
    (fp_line (start -1.27 8.89) (end -1.27 -0.635) (layer F.Fab) (width 0.1))
    (fp_line (start -1.27 -0.635) (end -0.635 -1.27) (layer F.Fab) (width 0.1))
    (fp_line (start -1.33 8.95) (end 1.33 8.95) (layer F.SilkS) (width 0.12))
    (fp_line (start -1.33 1.27) (end -1.33 8.95) (layer F.SilkS) (width 0.12))
    (fp_line (start 1.33 1.27) (end 1.33 8.95) (layer F.SilkS) (width 0.12))
    (fp_line (start -1.33 1.27) (end 1.33 1.27) (layer F.SilkS) (width 0.12))
    (fp_line (start -1.33 0) (end -1.33 -1.33) (layer F.SilkS) (width 0.12))
    (fp_line (start -1.33 -1.33) (end 0 -1.33) (layer F.SilkS) (width 0.12))
    (fp_line (start -1.8 -1.8) (end -1.8 9.4) (layer F.CrtYd) (width 0.05))
    (fp_line (start -1.8 9.4) (end 1.8 9.4) (layer F.CrtYd) (width 0.05))
    (fp_line (start 1.8 9.4) (end 1.8 -1.8) (layer F.CrtYd) (width 0.05))
    (fp_line (start 1.8 -1.8) (end -1.8 -1.8) (layer F.CrtYd) (width 0.05))
    (fp_text user %R (at 0 3.81 90) (layer F.Fab)
      (effects (font (size 1 1) (thickness 0.15)))
    )
    (pad 1 thru_hole rect (at 0 0) (size 1.7 1.7) (drill 1) (layers *.Cu *.Mask)
      (net 15 /PWM1))
    (pad 2 thru_hole oval (at 0 2.54) (size 1.7 1.7) (drill 1) (layers *.Cu *.Mask)
      (net 16 /PWM2))
    (pad 3 thru_hole oval (at 0 5.08) (size 1.7 1.7) (drill 1) (layers *.Cu *.Mask)
      (net 17 /PWM3))
    (pad 4 thru_hole oval (at 0 7.62) (size 1.7 1.7) (drill 1) (layers *.Cu *.Mask)
      (net 18 /PWM4))
    (model ${KISYS3DMOD}/Connector_PinHeader_2.54mm.3dshapes/PinHeader_1x04_P2.54mm_Vertical.wrl
      (at (xyz 0 0 0))
      (scale (xyz 1 1 1))
      (rotate (xyz 0 0 0))
    )
  )

  (module Connector_PinHeader_2.54mm:PinHeader_1x02_P2.54mm_Vertical (layer F.Cu) (tedit 59FED5CC) (tstamp 5D516203)
    (at 27 45 180)
    (descr "Through hole straight pin header, 1x02, 2.54mm pitch, single row")
    (tags "Through hole pin header THT 1x02 2.54mm single row")
    (path /5D51C1BB)
    (fp_text reference J2 (at 0 -2.33 180) (layer F.SilkS)
      (effects (font (size 1 1) (thickness 0.15)))
    )
    (fp_text value Conn_01x02 (at 0 4.87 180) (layer F.Fab)
      (effects (font (size 1 1) (thickness 0.15)))
    )
    (fp_line (start -0.635 -1.27) (end 1.27 -1.27) (layer F.Fab) (width 0.1))
    (fp_line (start 1.27 -1.27) (end 1.27 3.81) (layer F.Fab) (width 0.1))
    (fp_line (start 1.27 3.81) (end -1.27 3.81) (layer F.Fab) (width 0.1))
    (fp_line (start -1.27 3.81) (end -1.27 -0.635) (layer F.Fab) (width 0.1))
    (fp_line (start -1.27 -0.635) (end -0.635 -1.27) (layer F.Fab) (width 0.1))
    (fp_line (start -1.33 3.87) (end 1.33 3.87) (layer F.SilkS) (width 0.12))
    (fp_line (start -1.33 1.27) (end -1.33 3.87) (layer F.SilkS) (width 0.12))
    (fp_line (start 1.33 1.27) (end 1.33 3.87) (layer F.SilkS) (width 0.12))
    (fp_line (start -1.33 1.27) (end 1.33 1.27) (layer F.SilkS) (width 0.12))
    (fp_line (start -1.33 0) (end -1.33 -1.33) (layer F.SilkS) (width 0.12))
    (fp_line (start -1.33 -1.33) (end 0 -1.33) (layer F.SilkS) (width 0.12))
    (fp_line (start -1.8 -1.8) (end -1.8 4.35) (layer F.CrtYd) (width 0.05))
    (fp_line (start -1.8 4.35) (end 1.8 4.35) (layer F.CrtYd) (width 0.05))
    (fp_line (start 1.8 4.35) (end 1.8 -1.8) (layer F.CrtYd) (width 0.05))
    (fp_line (start 1.8 -1.8) (end -1.8 -1.8) (layer F.CrtYd) (width 0.05))
    (fp_text user %R (at 0 1.27 270) (layer F.Fab)
      (effects (font (size 1 1) (thickness 0.15)))
    )
    (pad 1 thru_hole rect (at 0 0 180) (size 1.7 1.7) (drill 1) (layers *.Cu *.Mask)
      (net 19 /EN))
    (pad 2 thru_hole oval (at 0 2.54 180) (size 1.7 1.7) (drill 1) (layers *.Cu *.Mask)
      (net 20 /PWM))
    (model ${KISYS3DMOD}/Connector_PinHeader_2.54mm.3dshapes/PinHeader_1x02_P2.54mm_Vertical.wrl
      (at (xyz 0 0 0))
      (scale (xyz 1 1 1))
      (rotate (xyz 0 0 0))
    )
  )

  (module Connector_PinHeader_2.54mm:PinHeader_1x04_P2.54mm_Vertical (layer F.Cu) (tedit 59FED5CC) (tstamp 5D51621B)
    (at 35 58 180)
    (descr "Through hole straight pin header, 1x04, 2.54mm pitch, single row")
    (tags "Through hole pin header THT 1x04 2.54mm single row")
    (path /5D51BD77)
    (fp_text reference J3 (at 0 -2.33 180) (layer F.SilkS)
      (effects (font (size 1 1) (thickness 0.15)))
    )
    (fp_text value Conn_01x04 (at 0 9.95 180) (layer F.Fab)
      (effects (font (size 1 1) (thickness 0.15)))
    )
    (fp_line (start -0.635 -1.27) (end 1.27 -1.27) (layer F.Fab) (width 0.1))
    (fp_line (start 1.27 -1.27) (end 1.27 8.89) (layer F.Fab) (width 0.1))
    (fp_line (start 1.27 8.89) (end -1.27 8.89) (layer F.Fab) (width 0.1))
    (fp_line (start -1.27 8.89) (end -1.27 -0.635) (layer F.Fab) (width 0.1))
    (fp_line (start -1.27 -0.635) (end -0.635 -1.27) (layer F.Fab) (width 0.1))
    (fp_line (start -1.33 8.95) (end 1.33 8.95) (layer F.SilkS) (width 0.12))
    (fp_line (start -1.33 1.27) (end -1.33 8.95) (layer F.SilkS) (width 0.12))
    (fp_line (start 1.33 1.27) (end 1.33 8.95) (layer F.SilkS) (width 0.12))
    (fp_line (start -1.33 1.27) (end 1.33 1.27) (layer F.SilkS) (width 0.12))
    (fp_line (start -1.33 0) (end -1.33 -1.33) (layer F.SilkS) (width 0.12))
    (fp_line (start -1.33 -1.33) (end 0 -1.33) (layer F.SilkS) (width 0.12))
    (fp_line (start -1.8 -1.8) (end -1.8 9.4) (layer F.CrtYd) (width 0.05))
    (fp_line (start -1.8 9.4) (end 1.8 9.4) (layer F.CrtYd) (width 0.05))
    (fp_line (start 1.8 9.4) (end 1.8 -1.8) (layer F.CrtYd) (width 0.05))
    (fp_line (start 1.8 -1.8) (end -1.8 -1.8) (layer F.CrtYd) (width 0.05))
    (fp_text user %R (at 0 3.81 270) (layer F.Fab)
      (effects (font (size 1 1) (thickness 0.15)))
    )
    (pad 1 thru_hole rect (at 0 0 180) (size 1.7 1.7) (drill 1) (layers *.Cu *.Mask)
      (net 21 /EN4))
    (pad 2 thru_hole oval (at 0 2.54 180) (size 1.7 1.7) (drill 1) (layers *.Cu *.Mask)
      (net 22 /EN3))
